2022-09-01 06:41:41.628 | tput: No value for $TERM and no -T specified
2022-09-01 06:41:41.628 | tput: No value for $TERM and no -T specified
2022-09-01 06:41:41.628 | +./stack.sh:main:482                       exec
2022-09-01 06:41:41.628 | tput: No value for $TERM and no -T specified
2022-09-01 06:41:41.628 | tput: No value for $TERM and no -T specified
2022-09-01 06:41:41.628 | tput: No value for $TERM and no -T specified
2022-09-01 06:41:41.628 | +./stack.sh:main:490                       echo_summary 'stack.sh log /tmp/devstack_logs/devstacklog.txt.2022-09-01-064141'
2022-09-01 06:41:41.628 | tput: No value for $TERM and no -T specified
2022-09-01 06:41:41.628 | ++./stack.sh:main:482                       /usr/bin/python3.8 /opt/stack/devstack/tools/outfilter.py -o /tmp/devstack_logs/devstacklog.txt.2022-09-01-064141.summary.2022-09-01-064141
2022-09-01 06:41:41.628 | tput: No value for $TERM and no -T specified
2022-09-01 06:41:41.629 | tput: No value for $TERM and no -T specified
2022-09-01 06:41:41.629 | +./stack.sh:echo_summary:435               [[ -t 3 ]]
2022-09-01 06:41:41.629 | tput: No value for $TERM and no -T specified
2022-09-01 06:41:41.629 | tput: No value for $TERM and no -T specified
2022-09-01 06:41:41.629 | +./stack.sh:echo_summary:441               echo -e stack.sh log /tmp/devstack_logs/devstacklog.txt.2022-09-01-064141
2022-09-01 06:41:41.629 | tput: No value for $TERM and no -T specified
2022-09-01 06:41:41.629 | tput: No value for $TERM and no -T specified
2022-09-01 06:41:41.629 | +./stack.sh:main:492                       ln -sf /tmp/devstack_logs/devstacklog.txt.2022-09-01-064141 /tmp/devstack_logs/devstacklog.txt
2022-09-01 06:41:41.629 | tput: No value for $TERM and no -T specified
2022-09-01 06:41:41.629 | tput: No value for $TERM and no -T specified
2022-09-01 06:41:41.629 | +./stack.sh:main:493                       ln -sf /tmp/devstack_logs/devstacklog.txt.2022-09-01-064141.summary.2022-09-01-064141 /tmp/devstack_logs/devstacklog.txt.summary
2022-09-01 06:41:41.629 | tput: No value for $TERM and no -T specified
2022-09-01 06:41:41.630 | tput: No value for $TERM and no -T specified
2022-09-01 06:41:41.630 | +./stack.sh:main:508                       check_path_perm_sanity /opt/stack
2022-09-01 06:41:41.631 | tput: No value for $TERM and no -T specified
2022-09-01 06:41:41.636 | tput: No value for $TERM and no -T specified
2022-09-01 06:41:41.636 | +functions:check_path_perm_sanity:596      local real_path
2022-09-01 06:41:41.639 | tput: No value for $TERM and no -T specified
2022-09-01 06:41:41.643 | tput: No value for $TERM and no -T specified
2022-09-01 06:41:41.643 | ++functions:check_path_perm_sanity:597      readlink -f /opt/stack
2022-09-01 06:41:41.647 | tput: No value for $TERM and no -T specified
2022-09-01 06:41:41.650 | tput: No value for $TERM and no -T specified
2022-09-01 06:41:41.651 | +functions:check_path_perm_sanity:597      real_path=/opt/stack
2022-09-01 06:41:41.652 | tput: No value for $TERM and no -T specified
2022-09-01 06:41:41.656 | tput: No value for $TERM and no -T specified
2022-09-01 06:41:41.656 | +functions:check_path_perm_sanity:598      local rebuilt_path=
2022-09-01 06:41:41.660 | tput: No value for $TERM and no -T specified
2022-09-01 06:41:41.660 | tput: No value for $TERM and no -T specified
2022-09-01 06:41:41.664 | tput: No value for $TERM and no -T specified
2022-09-01 06:41:41.664 | ++functions:check_path_perm_sanity:599      tr / ' '
2022-09-01 06:41:41.664 | tput: No value for $TERM and no -T specified
2022-09-01 06:41:41.665 | ++functions:check_path_perm_sanity:599      echo /opt/stack
2022-09-01 06:41:41.668 | tput: No value for $TERM and no -T specified
2022-09-01 06:41:41.672 | tput: No value for $TERM and no -T specified
2022-09-01 06:41:41.672 | +functions:check_path_perm_sanity:599      for i in $(echo ${real_path} | tr "/" " ")
2022-09-01 06:41:41.674 | tput: No value for $TERM and no -T specified
2022-09-01 06:41:41.678 | tput: No value for $TERM and no -T specified
2022-09-01 06:41:41.679 | +functions:check_path_perm_sanity:600      rebuilt_path=/opt
2022-09-01 06:41:41.681 | tput: No value for $TERM and no -T specified
2022-09-01 06:41:41.686 | tput: No value for $TERM and no -T specified
2022-09-01 06:41:41.686 | ++functions:check_path_perm_sanity:602      stat -c %a /opt
2022-09-01 06:41:41.690 | tput: No value for $TERM and no -T specified
2022-09-01 06:41:41.695 | tput: No value for $TERM and no -T specified
2022-09-01 06:41:41.696 | +functions:check_path_perm_sanity:602      [[ 755 = 700 ]]
2022-09-01 06:41:41.698 | tput: No value for $TERM and no -T specified
2022-09-01 06:41:41.704 | tput: No value for $TERM and no -T specified
2022-09-01 06:41:41.704 | +functions:check_path_perm_sanity:599      for i in $(echo ${real_path} | tr "/" " ")
2022-09-01 06:41:41.705 | tput: No value for $TERM and no -T specified
2022-09-01 06:41:41.710 | tput: No value for $TERM and no -T specified
2022-09-01 06:41:41.711 | +functions:check_path_perm_sanity:600      rebuilt_path=/opt/stack
2022-09-01 06:41:41.713 | tput: No value for $TERM and no -T specified
2022-09-01 06:41:41.719 | tput: No value for $TERM and no -T specified
2022-09-01 06:41:41.720 | ++functions:check_path_perm_sanity:602      stat -c %a /opt/stack
2022-09-01 06:41:41.725 | tput: No value for $TERM and no -T specified
2022-09-01 06:41:41.731 | tput: No value for $TERM and no -T specified
2022-09-01 06:41:41.731 | +functions:check_path_perm_sanity:602      [[ 777 = 700 ]]
2022-09-01 06:41:41.734 | tput: No value for $TERM and no -T specified
2022-09-01 06:41:41.740 | tput: No value for $TERM and no -T specified
2022-09-01 06:41:41.741 | +./stack.sh:main:514                       trap exit_trap EXIT
2022-09-01 06:41:41.744 | tput: No value for $TERM and no -T specified
2022-09-01 06:41:41.750 | tput: No value for $TERM and no -T specified
2022-09-01 06:41:41.750 | +./stack.sh:main:555                       trap err_trap ERR
2022-09-01 06:41:41.752 | tput: No value for $TERM and no -T specified
2022-09-01 06:41:41.759 | tput: No value for $TERM and no -T specified
2022-09-01 06:41:41.759 | +./stack.sh:main:568                       set -o errexit
2022-09-01 06:41:41.761 | tput: No value for $TERM and no -T specified
2022-09-01 06:41:41.767 | tput: No value for $TERM and no -T specified
2022-09-01 06:41:41.768 | +./stack.sh:main:571                       uname -a
2022-09-01 06:41:41.769 | Linux ubuntu 5.4.0-125-generic #141-Ubuntu SMP Wed Aug 10 13:42:03 UTC 2022 x86_64 x86_64 x86_64 GNU/Linux
2022-09-01 06:41:41.772 | tput: No value for $TERM and no -T specified
2022-09-01 06:41:41.778 | tput: No value for $TERM and no -T specified
2022-09-01 06:41:41.778 | +./stack.sh:main:574                       SSL_BUNDLE_FILE=/opt/stack/data/ca-bundle.pem
2022-09-01 06:41:41.781 | tput: No value for $TERM and no -T specified
2022-09-01 06:41:41.787 | tput: No value for $TERM and no -T specified
2022-09-01 06:41:41.788 | +./stack.sh:main:575                       rm -f /opt/stack/data/ca-bundle.pem
2022-09-01 06:41:41.792 | tput: No value for $TERM and no -T specified
2022-09-01 06:41:41.799 | tput: No value for $TERM and no -T specified
2022-09-01 06:41:41.799 | +./stack.sh:main:578                       source /opt/stack/devstack/lib/database
2022-09-01 06:41:41.803 | tput: No value for $TERM and no -T specified
2022-09-01 06:41:41.804 | tput: No value for $TERM and no -T specified
2022-09-01 06:41:41.808 | tput: No value for $TERM and no -T specified
2022-09-01 06:41:41.809 | tput: No value for $TERM and no -T specified
2022-09-01 06:41:41.813 | tput: No value for $TERM and no -T specified
2022-09-01 06:41:41.817 | tput: No value for $TERM and no -T specified
2022-09-01 06:41:41.819 | tput: No value for $TERM and no -T specified
2022-09-01 06:41:41.824 | tput: No value for $TERM and no -T specified
2022-09-01 06:41:41.887 | tput: No value for $TERM and no -T specified
2022-09-01 06:41:41.893 | tput: No value for $TERM and no -T specified
2022-09-01 06:41:41.894 | +./stack.sh:main:579                       source /opt/stack/devstack/lib/rpc_backend
2022-09-01 06:41:41.897 | tput: No value for $TERM and no -T specified
2022-09-01 06:41:41.899 | tput: No value for $TERM and no -T specified
2022-09-01 06:41:41.904 | tput: No value for $TERM and no -T specified
2022-09-01 06:41:41.905 | tput: No value for $TERM and no -T specified
2022-09-01 06:41:41.910 | tput: No value for $TERM and no -T specified
2022-09-01 06:41:41.915 | tput: No value for $TERM and no -T specified
2022-09-01 06:41:41.917 | tput: No value for $TERM and no -T specified
2022-09-01 06:41:41.922 | tput: No value for $TERM and no -T specified
2022-09-01 06:41:41.932 | tput: No value for $TERM and no -T specified
2022-09-01 06:41:41.937 | tput: No value for $TERM and no -T specified
2022-09-01 06:41:41.938 | +./stack.sh:main:585                       fetch_plugins
2022-09-01 06:41:41.940 | tput: No value for $TERM and no -T specified
2022-09-01 06:41:41.946 | tput: No value for $TERM and no -T specified
2022-09-01 06:41:41.947 | +functions-common:fetch_plugins:1785       local plugins=
2022-09-01 06:41:41.950 | tput: No value for $TERM and no -T specified
2022-09-01 06:41:41.956 | tput: No value for $TERM and no -T specified
2022-09-01 06:41:41.957 | +functions-common:fetch_plugins:1786       local plugin
2022-09-01 06:41:41.959 | tput: No value for $TERM and no -T specified
2022-09-01 06:41:41.966 | tput: No value for $TERM and no -T specified
2022-09-01 06:41:41.967 | +functions-common:fetch_plugins:1789       [[ -z '' ]]
2022-09-01 06:41:41.969 | tput: No value for $TERM and no -T specified
2022-09-01 06:41:41.976 | tput: No value for $TERM and no -T specified
2022-09-01 06:41:41.976 | +functions-common:fetch_plugins:1790       return
2022-09-01 06:41:41.979 | tput: No value for $TERM and no -T specified
2022-09-01 06:41:41.986 | tput: No value for $TERM and no -T specified
2022-09-01 06:41:41.986 | +./stack.sh:main:589                       run_phase override_defaults
2022-09-01 06:41:41.989 | tput: No value for $TERM and no -T specified
2022-09-01 06:41:41.996 | tput: No value for $TERM and no -T specified
2022-09-01 06:41:41.996 | +functions-common:run_phase:1867           local mode=override_defaults
2022-09-01 06:41:41.998 | tput: No value for $TERM and no -T specified
2022-09-01 06:41:42.004 | tput: No value for $TERM and no -T specified
2022-09-01 06:41:42.005 | +functions-common:run_phase:1868           local phase=
2022-09-01 06:41:42.008 | tput: No value for $TERM and no -T specified
2022-09-01 06:41:42.013 | tput: No value for $TERM and no -T specified
2022-09-01 06:41:42.013 | +functions-common:run_phase:1869           [[ -d /opt/stack/devstack/extras.d ]]
2022-09-01 06:41:42.016 | tput: No value for $TERM and no -T specified
2022-09-01 06:41:42.022 | tput: No value for $TERM and no -T specified
2022-09-01 06:41:42.022 | +functions-common:run_phase:1870           local extra_plugin_file_name
2022-09-01 06:41:42.024 | tput: No value for $TERM and no -T specified
2022-09-01 06:41:42.030 | tput: No value for $TERM and no -T specified
2022-09-01 06:41:42.030 | +functions-common:run_phase:1871           for extra_plugin_file_name in $TOP_DIR/extras.d/*.sh
2022-09-01 06:41:42.033 | tput: No value for $TERM and no -T specified
2022-09-01 06:41:42.040 | tput: No value for $TERM and no -T specified
2022-09-01 06:41:42.040 | +functions-common:run_phase:1876           local exceptions=80-tempest.sh
2022-09-01 06:41:42.043 | tput: No value for $TERM and no -T specified
2022-09-01 06:41:42.049 | tput: No value for $TERM and no -T specified
2022-09-01 06:41:42.049 | +functions-common:run_phase:1877           local extra
2022-09-01 06:41:42.053 | tput: No value for $TERM and no -T specified
2022-09-01 06:41:42.058 | tput: No value for $TERM and no -T specified
2022-09-01 06:41:42.058 | ++functions-common:run_phase:1878           basename /opt/stack/devstack/extras.d/80-tempest.sh
2022-09-01 06:41:42.062 | tput: No value for $TERM and no -T specified
2022-09-01 06:41:42.068 | tput: No value for $TERM and no -T specified
2022-09-01 06:41:42.069 | +functions-common:run_phase:1878           extra=80-tempest.sh
2022-09-01 06:41:42.071 | tput: No value for $TERM and no -T specified
2022-09-01 06:41:42.078 | tput: No value for $TERM and no -T specified
2022-09-01 06:41:42.078 | +functions-common:run_phase:1879           [[ 80-tempest.sh =~ 80-tempest\.sh ]]
2022-09-01 06:41:42.081 | tput: No value for $TERM and no -T specified
2022-09-01 06:41:42.087 | tput: No value for $TERM and no -T specified
2022-09-01 06:41:42.088 | +functions-common:run_phase:1883           [[ -r /opt/stack/devstack/extras.d/80-tempest.sh ]]
2022-09-01 06:41:42.090 | tput: No value for $TERM and no -T specified
2022-09-01 06:41:42.097 | tput: No value for $TERM and no -T specified
2022-09-01 06:41:42.097 | +functions-common:run_phase:1883           source /opt/stack/devstack/extras.d/80-tempest.sh override_defaults
2022-09-01 06:41:42.100 | tput: No value for $TERM and no -T specified
2022-09-01 06:41:42.106 | tput: No value for $TERM and no -T specified
2022-09-01 06:41:42.106 | ++extras.d/80-tempest.sh:source:3           is_service_enabled tempest
2022-09-01 06:41:42.109 | tput: No value for $TERM and no -T specified
2022-09-01 06:41:42.115 | tput: No value for $TERM and no -T specified
2022-09-01 06:41:42.119 | tput: No value for $TERM and no -T specified
2022-09-01 06:41:42.120 | tput: No value for $TERM and no -T specified
2022-09-01 06:41:42.125 | tput: No value for $TERM and no -T specified
2022-09-01 06:41:42.126 | tput: No value for $TERM and no -T specified
2022-09-01 06:41:42.132 | tput: No value for $TERM and no -T specified
2022-09-01 06:41:42.138 | tput: No value for $TERM and no -T specified
2022-09-01 06:41:42.140 | tput: No value for $TERM and no -T specified
2022-09-01 06:41:42.146 | tput: No value for $TERM and no -T specified
2022-09-01 06:41:42.150 | tput: No value for $TERM and no -T specified
2022-09-01 06:41:42.156 | tput: No value for $TERM and no -T specified
2022-09-01 06:41:42.156 | ++functions-common:is_service_enabled:2095  return 0
2022-09-01 06:41:42.159 | tput: No value for $TERM and no -T specified
2022-09-01 06:41:42.164 | tput: No value for $TERM and no -T specified
2022-09-01 06:41:42.164 | ++extras.d/80-tempest.sh:source:4           [[ override_defaults == \s\o\u\r\c\e ]]
2022-09-01 06:41:42.166 | tput: No value for $TERM and no -T specified
2022-09-01 06:41:42.172 | tput: No value for $TERM and no -T specified
2022-09-01 06:41:42.172 | ++extras.d/80-tempest.sh:source:7           [[ override_defaults == \s\t\a\c\k ]]
2022-09-01 06:41:42.174 | tput: No value for $TERM and no -T specified
2022-09-01 06:41:42.180 | tput: No value for $TERM and no -T specified
2022-09-01 06:41:42.181 | ++extras.d/80-tempest.sh:source:10          [[ override_defaults == \s\t\a\c\k ]]
2022-09-01 06:41:42.183 | tput: No value for $TERM and no -T specified
2022-09-01 06:41:42.188 | tput: No value for $TERM and no -T specified
2022-09-01 06:41:42.188 | ++extras.d/80-tempest.sh:source:13          [[ override_defaults == \s\t\a\c\k ]]
2022-09-01 06:41:42.190 | tput: No value for $TERM and no -T specified
2022-09-01 06:41:42.196 | tput: No value for $TERM and no -T specified
2022-09-01 06:41:42.197 | ++extras.d/80-tempest.sh:source:16          [[ override_defaults == \s\t\a\c\k ]]
2022-09-01 06:41:42.200 | tput: No value for $TERM and no -T specified
2022-09-01 06:41:42.207 | tput: No value for $TERM and no -T specified
2022-09-01 06:41:42.207 | ++extras.d/80-tempest.sh:source:19          [[ override_defaults == \s\t\a\c\k ]]
2022-09-01 06:41:42.210 | tput: No value for $TERM and no -T specified
2022-09-01 06:41:42.216 | tput: No value for $TERM and no -T specified
2022-09-01 06:41:42.216 | ++extras.d/80-tempest.sh:source:27          [[ override_defaults == \u\n\s\t\a\c\k ]]
2022-09-01 06:41:42.219 | tput: No value for $TERM and no -T specified
2022-09-01 06:41:42.225 | tput: No value for $TERM and no -T specified
2022-09-01 06:41:42.225 | ++extras.d/80-tempest.sh:source:32          [[ override_defaults == \c\l\e\a\n ]]
2022-09-01 06:41:42.228 | tput: No value for $TERM and no -T specified
2022-09-01 06:41:42.234 | tput: No value for $TERM and no -T specified
2022-09-01 06:41:42.234 | +functions-common:run_phase:1888           [[ override_defaults == \s\o\u\r\c\e ]]
2022-09-01 06:41:42.237 | tput: No value for $TERM and no -T specified
2022-09-01 06:41:42.243 | tput: No value for $TERM and no -T specified
2022-09-01 06:41:42.243 | +functions-common:run_phase:1891           [[ override_defaults == \o\v\e\r\r\i\d\e\_\d\e\f\a\u\l\t\s ]]
2022-09-01 06:41:42.246 | tput: No value for $TERM and no -T specified
2022-09-01 06:41:42.252 | tput: No value for $TERM and no -T specified
2022-09-01 06:41:42.252 | +functions-common:run_phase:1892           plugin_override_defaults
2022-09-01 06:41:42.255 | tput: No value for $TERM and no -T specified
2022-09-01 06:41:42.260 | tput: No value for $TERM and no -T specified
2022-09-01 06:41:42.260 | +functions-common:plugin_override_defaults:1826  local plugins=
2022-09-01 06:41:42.263 | tput: No value for $TERM and no -T specified
2022-09-01 06:41:42.269 | tput: No value for $TERM and no -T specified
2022-09-01 06:41:42.269 | +functions-common:plugin_override_defaults:1827  local plugin
2022-09-01 06:41:42.271 | tput: No value for $TERM and no -T specified
2022-09-01 06:41:42.276 | tput: No value for $TERM and no -T specified
2022-09-01 06:41:42.277 | +functions-common:plugin_override_defaults:1830  [[ -z '' ]]
2022-09-01 06:41:42.279 | tput: No value for $TERM and no -T specified
2022-09-01 06:41:42.285 | tput: No value for $TERM and no -T specified
2022-09-01 06:41:42.285 | +functions-common:plugin_override_defaults:1831  return
2022-09-01 06:41:42.288 | tput: No value for $TERM and no -T specified
2022-09-01 06:41:42.295 | tput: No value for $TERM and no -T specified
2022-09-01 06:41:42.295 | +./stack.sh:main:592                       source /opt/stack/devstack/lib/apache
2022-09-01 06:41:42.300 | tput: No value for $TERM and no -T specified
2022-09-01 06:41:42.301 | tput: No value for $TERM and no -T specified
2022-09-01 06:41:42.306 | tput: No value for $TERM and no -T specified
2022-09-01 06:41:42.307 | tput: No value for $TERM and no -T specified
2022-09-01 06:41:42.311 | tput: No value for $TERM and no -T specified
2022-09-01 06:41:42.316 | tput: No value for $TERM and no -T specified
2022-09-01 06:41:42.318 | tput: No value for $TERM and no -T specified
2022-09-01 06:41:42.323 | tput: No value for $TERM and no -T specified
2022-09-01 06:41:42.334 | tput: No value for $TERM and no -T specified
2022-09-01 06:41:42.340 | tput: No value for $TERM and no -T specified
2022-09-01 06:41:42.341 | +./stack.sh:main:595                       source /opt/stack/devstack/lib/tls
2022-09-01 06:41:42.344 | tput: No value for $TERM and no -T specified
2022-09-01 06:41:42.350 | tput: No value for $TERM and no -T specified
2022-09-01 06:41:42.350 | ++lib/tls:source:38                         is_service_enabled tls-proxy
2022-09-01 06:41:42.353 | tput: No value for $TERM and no -T specified
2022-09-01 06:41:42.358 | tput: No value for $TERM and no -T specified
2022-09-01 06:41:42.362 | tput: No value for $TERM and no -T specified
2022-09-01 06:41:42.362 | tput: No value for $TERM and no -T specified
2022-09-01 06:41:42.368 | tput: No value for $TERM and no -T specified
2022-09-01 06:41:42.369 | tput: No value for $TERM and no -T specified
2022-09-01 06:41:42.373 | tput: No value for $TERM and no -T specified
2022-09-01 06:41:42.378 | tput: No value for $TERM and no -T specified
2022-09-01 06:41:42.380 | tput: No value for $TERM and no -T specified
2022-09-01 06:41:42.386 | tput: No value for $TERM and no -T specified
2022-09-01 06:41:42.388 | tput: No value for $TERM and no -T specified
2022-09-01 06:41:42.393 | tput: No value for $TERM and no -T specified
2022-09-01 06:41:42.393 | ++functions-common:is_service_enabled:2095  return 1
2022-09-01 06:41:42.397 | tput: No value for $TERM and no -T specified
2022-09-01 06:41:42.402 | tput: No value for $TERM and no -T specified
2022-09-01 06:41:42.402 | +++lib/tls:source:43                         hostname -f
2022-09-01 06:41:42.407 | tput: No value for $TERM and no -T specified
2022-09-01 06:41:42.413 | tput: No value for $TERM and no -T specified
2022-09-01 06:41:42.413 | ++lib/tls:source:43                         DEVSTACK_HOSTNAME=localhost
2022-09-01 06:41:42.416 | tput: No value for $TERM and no -T specified
2022-09-01 06:41:42.423 | tput: No value for $TERM and no -T specified
2022-09-01 06:41:42.423 | ++lib/tls:source:44                         DEVSTACK_CERT_NAME=devstack-cert
2022-09-01 06:41:42.426 | tput: No value for $TERM and no -T specified
2022-09-01 06:41:42.433 | tput: No value for $TERM and no -T specified
2022-09-01 06:41:42.433 | ++lib/tls:source:45                         DEVSTACK_CERT=/opt/stack/data/devstack-cert.pem
2022-09-01 06:41:42.436 | tput: No value for $TERM and no -T specified
2022-09-01 06:41:42.442 | tput: No value for $TERM and no -T specified
2022-09-01 06:41:42.443 | ++lib/tls:source:48                         ROOT_CA_DIR=/opt/stack/data/CA/root-ca
2022-09-01 06:41:42.445 | tput: No value for $TERM and no -T specified
2022-09-01 06:41:42.451 | tput: No value for $TERM and no -T specified
2022-09-01 06:41:42.451 | ++lib/tls:source:49                         INT_CA_DIR=/opt/stack/data/CA/int-ca
2022-09-01 06:41:42.455 | tput: No value for $TERM and no -T specified
2022-09-01 06:41:42.462 | tput: No value for $TERM and no -T specified
2022-09-01 06:41:42.463 | ++lib/tls:source:51                         ORG_NAME=OpenStack
2022-09-01 06:41:42.466 | tput: No value for $TERM and no -T specified
2022-09-01 06:41:42.472 | tput: No value for $TERM and no -T specified
2022-09-01 06:41:42.472 | ++lib/tls:source:52                         ORG_UNIT_NAME=DevStack
2022-09-01 06:41:42.475 | tput: No value for $TERM and no -T specified
2022-09-01 06:41:42.482 | tput: No value for $TERM and no -T specified
2022-09-01 06:41:42.482 | ++lib/tls:source:55                         STUD_PROTO=--tls
2022-09-01 06:41:42.485 | tput: No value for $TERM and no -T specified
2022-09-01 06:41:42.491 | tput: No value for $TERM and no -T specified
2022-09-01 06:41:42.491 | ++lib/tls:source:56                         STUD_CIPHERS='TLSv1+HIGH:!DES:!aNULL:!eNULL:@STRENGTH'
2022-09-01 06:41:42.494 | tput: No value for $TERM and no -T specified
2022-09-01 06:41:42.500 | tput: No value for $TERM and no -T specified
2022-09-01 06:41:42.500 | ++lib/tls:source:63                         OPENSSL=/usr/bin/openssl
2022-09-01 06:41:42.506 | tput: No value for $TERM and no -T specified
2022-09-01 06:41:42.513 | tput: No value for $TERM and no -T specified
2022-09-01 06:41:42.513 | +./stack.sh:main:598                       source /opt/stack/devstack/lib/infra
2022-09-01 06:41:42.518 | tput: No value for $TERM and no -T specified
2022-09-01 06:41:42.520 | tput: No value for $TERM and no -T specified
2022-09-01 06:41:42.524 | tput: No value for $TERM and no -T specified
2022-09-01 06:41:42.526 | tput: No value for $TERM and no -T specified
2022-09-01 06:41:42.531 | tput: No value for $TERM and no -T specified
2022-09-01 06:41:42.537 | tput: No value for $TERM and no -T specified
2022-09-01 06:41:42.539 | tput: No value for $TERM and no -T specified
2022-09-01 06:41:42.545 | tput: No value for $TERM and no -T specified
2022-09-01 06:41:42.548 | tput: No value for $TERM and no -T specified
2022-09-01 06:41:42.553 | tput: No value for $TERM and no -T specified
2022-09-01 06:41:42.554 | +./stack.sh:main:599                       source /opt/stack/devstack/lib/libraries
2022-09-01 06:41:42.558 | tput: No value for $TERM and no -T specified
2022-09-01 06:41:42.559 | tput: No value for $TERM and no -T specified
2022-09-01 06:41:42.563 | tput: No value for $TERM and no -T specified
2022-09-01 06:41:42.565 | tput: No value for $TERM and no -T specified
2022-09-01 06:41:42.571 | tput: No value for $TERM and no -T specified
2022-09-01 06:41:42.577 | tput: No value for $TERM and no -T specified
2022-09-01 06:41:42.580 | tput: No value for $TERM and no -T specified
2022-09-01 06:41:42.587 | tput: No value for $TERM and no -T specified
2022-09-01 06:41:42.599 | tput: No value for $TERM and no -T specified
2022-09-01 06:41:42.606 | tput: No value for $TERM and no -T specified
2022-09-01 06:41:42.606 | +./stack.sh:main:600                       source /opt/stack/devstack/lib/lvm
2022-09-01 06:41:42.610 | tput: tput: No value for $TERM and no -T specified
2022-09-01 06:41:42.611 | No value for $TERM and no -T specified
2022-09-01 06:41:42.616 | tput: No value for $TERM and no -T specified
2022-09-01 06:41:42.617 | tput: No value for $TERM and no -T specified
2022-09-01 06:41:42.622 | tput: No value for $TERM and no -T specified
2022-09-01 06:41:42.627 | tput: No value for $TERM and no -T specified
2022-09-01 06:41:42.629 | tput: No value for $TERM and no -T specified
2022-09-01 06:41:42.634 | tput: No value for $TERM and no -T specified
2022-09-01 06:41:42.638 | tput: No value for $TERM and no -T specified
2022-09-01 06:41:42.643 | tput: No value for $TERM and no -T specified
2022-09-01 06:41:42.643 | +./stack.sh:main:601                       source /opt/stack/devstack/lib/horizon
2022-09-01 06:41:42.647 | tput: No value for $TERM and no -T specified
2022-09-01 06:41:42.648 | tput: No value for $TERM and no -T specified
2022-09-01 06:41:42.652 | tput: No value for $TERM and no -T specified
2022-09-01 06:41:42.654 | tput: No value for $TERM and no -T specified
2022-09-01 06:41:42.659 | tput: No value for $TERM and no -T specified
2022-09-01 06:41:42.665 | tput: No value for $TERM and no -T specified
2022-09-01 06:41:42.667 | tput: No value for $TERM and no -T specified
2022-09-01 06:41:42.673 | tput: No value for $TERM and no -T specified
2022-09-01 06:41:42.678 | tput: No value for $TERM and no -T specified
2022-09-01 06:41:42.684 | tput: No value for $TERM and no -T specified
2022-09-01 06:41:42.684 | +./stack.sh:main:602                       source /opt/stack/devstack/lib/keystone
2022-09-01 06:41:42.689 | tput: No value for $TERM and no -T specified
2022-09-01 06:41:42.689 | tput: No value for $TERM and no -T specified
2022-09-01 06:41:42.694 | tput: No value for $TERM and no -T specified
2022-09-01 06:41:42.695 | tput: No value for $TERM and no -T specified
2022-09-01 06:41:42.699 | tput: No value for $TERM and no -T specified
2022-09-01 06:41:42.705 | tput: No value for $TERM and no -T specified
2022-09-01 06:41:42.708 | tput: No value for $TERM and no -T specified
2022-09-01 06:41:42.715 | tput: No value for $TERM and no -T specified
2022-09-01 06:41:42.754 | tput: No value for $TERM and no -T specified
2022-09-01 06:41:42.760 | tput: No value for $TERM and no -T specified
2022-09-01 06:41:42.760 | +./stack.sh:main:603                       source /opt/stack/devstack/lib/glance
2022-09-01 06:41:42.765 | tput: No value for $TERM and no -T specified
2022-09-01 06:41:42.766 | tput: No value for $TERM and no -T specified
2022-09-01 06:41:42.771 | tput: No value for $TERM and no -T specified
2022-09-01 06:41:42.772 | tput: No value for $TERM and no -T specified
2022-09-01 06:41:42.777 | tput: No value for $TERM and no -T specified
2022-09-01 06:41:42.783 | tput: No value for $TERM and no -T specified
2022-09-01 06:41:42.786 | tput: No value for $TERM and no -T specified
2022-09-01 06:41:42.792 | tput: No value for $TERM and no -T specified
2022-09-01 06:41:42.869 | tput: No value for $TERM and no -T specified
2022-09-01 06:41:42.876 | tput: No value for $TERM and no -T specified
2022-09-01 06:41:42.877 | +./stack.sh:main:604                       source /opt/stack/devstack/lib/nova
2022-09-01 06:41:42.882 | tput: No value for $TERM and no -T specified
2022-09-01 06:41:42.882 | tput: No value for $TERM and no -T specified
2022-09-01 06:41:42.887 | tput: No value for $TERM and no -T specified
2022-09-01 06:41:42.888 | tput: No value for $TERM and no -T specified
2022-09-01 06:41:42.893 | tput: No value for $TERM and no -T specified
2022-09-01 06:41:42.898 | tput: No value for $TERM and no -T specified
2022-09-01 06:41:42.901 | tput: No value for $TERM and no -T specified
2022-09-01 06:41:42.906 | tput: No value for $TERM and no -T specified
2022-09-01 06:41:43.006 | tput: No value for $TERM and no -T specified
2022-09-01 06:41:43.012 | tput: No value for $TERM and no -T specified
2022-09-01 06:41:43.012 | +./stack.sh:main:605                       source /opt/stack/devstack/lib/placement
2022-09-01 06:41:43.017 | tput: No value for $TERM and no -T specified
2022-09-01 06:41:43.017 | tput: No value for $TERM and no -T specified
2022-09-01 06:41:43.023 | tput: No value for $TERM and no -T specified
2022-09-01 06:41:43.024 | tput: No value for $TERM and no -T specified
2022-09-01 06:41:43.031 | tput: No value for $TERM and no -T specified
2022-09-01 06:41:43.036 | tput: No value for $TERM and no -T specified
2022-09-01 06:41:43.038 | tput: No value for $TERM and no -T specified
2022-09-01 06:41:43.045 | tput: No value for $TERM and no -T specified
2022-09-01 06:41:43.062 | tput: No value for $TERM and no -T specified
2022-09-01 06:41:43.068 | tput: No value for $TERM and no -T specified
2022-09-01 06:41:43.068 | +./stack.sh:main:606                       source /opt/stack/devstack/lib/cinder
2022-09-01 06:41:43.073 | tput: tput: No value for $TERM and no -T specified
2022-09-01 06:41:43.073 | No value for $TERM and no -T specified
2022-09-01 06:41:43.079 | tput: No value for $TERM and no -T specified
2022-09-01 06:41:43.080 | tput: No value for $TERM and no -T specified
2022-09-01 06:41:43.087 | tput: No value for $TERM and no -T specified
2022-09-01 06:41:43.092 | tput: No value for $TERM and no -T specified
2022-09-01 06:41:43.094 | tput: No value for $TERM and no -T specified
2022-09-01 06:41:43.100 | tput: No value for $TERM and no -T specified
2022-09-01 06:41:43.154 | tput: No value for $TERM and no -T specified
2022-09-01 06:41:43.161 | tput: No value for $TERM and no -T specified
2022-09-01 06:41:43.161 | +./stack.sh:main:607                       source /opt/stack/devstack/lib/swift
2022-09-01 06:41:43.165 | tput: No value for $TERM and no -T specified
2022-09-01 06:41:43.166 | tput: No value for $TERM and no -T specified
2022-09-01 06:41:43.171 | tput: No value for $TERM and no -T specified
2022-09-01 06:41:43.172 | tput: No value for $TERM and no -T specified
2022-09-01 06:41:43.176 | tput: No value for $TERM and no -T specified
2022-09-01 06:41:43.182 | tput: No value for $TERM and no -T specified
2022-09-01 06:41:43.184 | tput: No value for $TERM and no -T specified
2022-09-01 06:41:43.189 | tput: No value for $TERM and no -T specified
2022-09-01 06:41:43.259 | tput: No value for $TERM and no -T specified
2022-09-01 06:41:43.266 | tput: No value for $TERM and no -T specified
2022-09-01 06:41:43.267 | +./stack.sh:main:608                       source /opt/stack/devstack/lib/neutron
2022-09-01 06:41:43.271 | tput: No value for $TERM and no -T specified
2022-09-01 06:41:43.272 | tput: No value for $TERM and no -T specified
2022-09-01 06:41:43.278 | tput: No value for $TERM and no -T specified
2022-09-01 06:41:43.279 | tput: No value for $TERM and no -T specified
2022-09-01 06:41:43.284 | tput: No value for $TERM and no -T specified
2022-09-01 06:41:43.289 | tput: No value for $TERM and no -T specified
2022-09-01 06:41:43.292 | tput: No value for $TERM and no -T specified
2022-09-01 06:41:43.298 | tput: No value for $TERM and no -T specified
2022-09-01 06:41:43.583 | tput: No value for $TERM and no -T specified
2022-09-01 06:41:43.591 | tput: No value for $TERM and no -T specified
2022-09-01 06:41:43.591 | +./stack.sh:main:609                       source /opt/stack/devstack/lib/ldap
2022-09-01 06:41:43.595 | tput: No value for $TERM and no -T specified
2022-09-01 06:41:43.596 | tput: No value for $TERM and no -T specified
2022-09-01 06:41:43.600 | tput: No value for $TERM and no -T specified
2022-09-01 06:41:43.602 | tput: No value for $TERM and no -T specified
2022-09-01 06:41:43.608 | tput: No value for $TERM and no -T specified
2022-09-01 06:41:43.614 | tput: No value for $TERM and no -T specified
2022-09-01 06:41:43.617 | tput: No value for $TERM and no -T specified
2022-09-01 06:41:43.624 | tput: No value for $TERM and no -T specified
2022-09-01 06:41:43.629 | tput: No value for $TERM and no -T specified
2022-09-01 06:41:43.637 | tput: No value for $TERM and no -T specified
2022-09-01 06:41:43.637 | +./stack.sh:main:610                       source /opt/stack/devstack/lib/dstat
2022-09-01 06:41:43.641 | tput: No value for $TERM and no -T specified
2022-09-01 06:41:43.643 | tput: No value for $TERM and no -T specified
2022-09-01 06:41:43.647 | tput: No value for $TERM and no -T specified
2022-09-01 06:41:43.649 | tput: No value for $TERM and no -T specified
2022-09-01 06:41:43.656 | tput: No value for $TERM and no -T specified
2022-09-01 06:41:43.662 | tput: No value for $TERM and no -T specified
2022-09-01 06:41:43.664 | tput: No value for $TERM and no -T specified
2022-09-01 06:41:43.670 | tput: No value for $TERM and no -T specified
2022-09-01 06:41:43.673 | tput: No value for $TERM and no -T specified
2022-09-01 06:41:43.680 | tput: No value for $TERM and no -T specified
2022-09-01 06:41:43.680 | +./stack.sh:main:611                       source /opt/stack/devstack/lib/tcpdump
2022-09-01 06:41:43.685 | tput: No value for $TERM and no -T specified
2022-09-01 06:41:43.685 | tput: No value for $TERM and no -T specified
2022-09-01 06:41:43.691 | tput: No value for $TERM and no -T specified
2022-09-01 06:41:43.693 | tput: No value for $TERM and no -T specified
2022-09-01 06:41:43.699 | tput: No value for $TERM and no -T specified
2022-09-01 06:41:43.707 | tput: No value for $TERM and no -T specified
2022-09-01 06:41:43.711 | tput: No value for $TERM and no -T specified
2022-09-01 06:41:43.717 | tput: No value for $TERM and no -T specified
2022-09-01 06:41:43.721 | tput: No value for $TERM and no -T specified
2022-09-01 06:41:43.729 | tput: No value for $TERM and no -T specified
2022-09-01 06:41:43.730 | +./stack.sh:main:612                       source /opt/stack/devstack/lib/etcd3
2022-09-01 06:41:43.735 | tput: No value for $TERM and no -T specified
2022-09-01 06:41:43.735 | tput: No value for $TERM and no -T specified
2022-09-01 06:41:43.741 | tput: No value for $TERM and no -T specified
2022-09-01 06:41:43.742 | tput: No value for $TERM and no -T specified
2022-09-01 06:41:43.748 | tput: No value for $TERM and no -T specified
2022-09-01 06:41:43.754 | tput: No value for $TERM and no -T specified
2022-09-01 06:41:43.757 | tput: No value for $TERM and no -T specified
2022-09-01 06:41:43.763 | tput: No value for $TERM and no -T specified
2022-09-01 06:41:43.826 | tput: No value for $TERM and no -T specified
2022-09-01 06:41:43.834 | tput: No value for $TERM and no -T specified
2022-09-01 06:41:43.834 | +./stack.sh:main:613                       source /opt/stack/devstack/lib/os-vif
2022-09-01 06:41:43.838 | tput: No value for $TERM and no -T specified
2022-09-01 06:41:43.844 | tput: No value for $TERM and no -T specified
2022-09-01 06:41:43.844 | ++lib/os-vif:source:6                       OS_VIF_OVS_OVSDB_INTERFACE=vsctl
2022-09-01 06:41:43.849 | tput: No value for $TERM and no -T specified
2022-09-01 06:41:43.856 | tput: No value for $TERM and no -T specified
2022-09-01 06:41:43.856 | +++lib/os-vif:source:17                      is_ml2_ovs
2022-09-01 06:41:43.859 | tput: No value for $TERM and no -T specified
2022-09-01 06:41:43.866 | tput: No value for $TERM and no -T specified
2022-09-01 06:41:43.866 | +++lib/os-vif:is_ml2_ovs:9                   [[ ovn == \o\p\e\n\v\s\w\i\t\c\h ]]
2022-09-01 06:41:43.869 | tput: No value for $TERM and no -T specified
2022-09-01 06:41:43.877 | tput: No value for $TERM and no -T specified
2022-09-01 06:41:43.877 | +++lib/os-vif:is_ml2_ovs:12                  echo False
2022-09-01 06:41:43.880 | tput: No value for $TERM and no -T specified
2022-09-01 06:41:43.886 | tput: No value for $TERM and no -T specified
2022-09-01 06:41:43.887 | ++lib/os-vif:source:17                      OS_VIF_OVS_ISOLATE_VIF=False
2022-09-01 06:41:43.890 | tput: No value for $TERM and no -T specified
2022-09-01 06:41:43.896 | tput: No value for $TERM and no -T specified
2022-09-01 06:41:43.897 | +++lib/os-vif:source:18                      trueorfalse False OS_VIF_OVS_ISOLATE_VIF
2022-09-01 06:41:43.900 | tput: No value for $TERM and no -T specified
2022-09-01 06:41:43.906 | tput: No value for $TERM and no -T specified
2022-09-01 06:41:43.911 | tput: No value for $TERM and no -T specified
2022-09-01 06:41:43.911 | tput: No value for $TERM and no -T specified
2022-09-01 06:41:43.916 | tput: No value for $TERM and no -T specified
2022-09-01 06:41:43.918 | tput: No value for $TERM and no -T specified
2022-09-01 06:41:43.923 | tput: No value for $TERM and no -T specified
2022-09-01 06:41:43.929 | tput: No value for $TERM and no -T specified
2022-09-01 06:41:43.931 | tput: No value for $TERM and no -T specified
2022-09-01 06:41:43.938 | tput: No value for $TERM and no -T specified
2022-09-01 06:41:43.943 | tput: No value for $TERM and no -T specified
2022-09-01 06:41:43.949 | tput: No value for $TERM and no -T specified
2022-09-01 06:41:43.950 | ++lib/os-vif:source:18                      OS_VIF_OVS_ISOLATE_VIF=False
2022-09-01 06:41:43.954 | tput: No value for $TERM and no -T specified
2022-09-01 06:41:43.962 | tput: No value for $TERM and no -T specified
2022-09-01 06:41:43.962 | +./stack.sh:main:619                       run_phase source
2022-09-01 06:41:43.966 | tput: No value for $TERM and no -T specified
2022-09-01 06:41:43.973 | tput: No value for $TERM and no -T specified
2022-09-01 06:41:43.973 | +functions-common:run_phase:1867           local mode=source
2022-09-01 06:41:43.976 | tput: No value for $TERM and no -T specified
2022-09-01 06:41:43.983 | tput: No value for $TERM and no -T specified
2022-09-01 06:41:43.984 | +functions-common:run_phase:1868           local phase=
2022-09-01 06:41:43.987 | tput: No value for $TERM and no -T specified
2022-09-01 06:41:43.993 | tput: No value for $TERM and no -T specified
2022-09-01 06:41:43.993 | +functions-common:run_phase:1869           [[ -d /opt/stack/devstack/extras.d ]]
2022-09-01 06:41:43.997 | tput: No value for $TERM and no -T specified
2022-09-01 06:41:44.003 | tput: No value for $TERM and no -T specified
2022-09-01 06:41:44.003 | +functions-common:run_phase:1870           local extra_plugin_file_name
2022-09-01 06:41:44.007 | tput: No value for $TERM and no -T specified
2022-09-01 06:41:44.013 | tput: No value for $TERM and no -T specified
2022-09-01 06:41:44.014 | +functions-common:run_phase:1871           for extra_plugin_file_name in $TOP_DIR/extras.d/*.sh
2022-09-01 06:41:44.016 | tput: No value for $TERM and no -T specified
2022-09-01 06:41:44.022 | tput: No value for $TERM and no -T specified
2022-09-01 06:41:44.022 | +functions-common:run_phase:1876           local exceptions=80-tempest.sh
2022-09-01 06:41:44.025 | tput: No value for $TERM and no -T specified
2022-09-01 06:41:44.033 | tput: No value for $TERM and no -T specified
2022-09-01 06:41:44.033 | +functions-common:run_phase:1877           local extra
2022-09-01 06:41:44.038 | tput: No value for $TERM and no -T specified
2022-09-01 06:41:44.044 | tput: No value for $TERM and no -T specified
2022-09-01 06:41:44.044 | ++functions-common:run_phase:1878           basename /opt/stack/devstack/extras.d/80-tempest.sh
2022-09-01 06:41:44.049 | tput: No value for $TERM and no -T specified
2022-09-01 06:41:44.055 | tput: No value for $TERM and no -T specified
