2020-04-09 20:26:40.010 | tput: No value for $TERM and no -T specified
2020-04-09 20:26:40.010 | tput: No value for $TERM and no -T specified
2020-04-09 20:26:40.010 | +./stack.sh:main:499                       exec
2020-04-09 20:26:40.010 | tput: No value for $TERM and no -T specified
2020-04-09 20:26:40.011 | tput: No value for $TERM and no -T specified
2020-04-09 20:26:40.011 | tput: No value for $TERM and no -T specified
2020-04-09 20:26:40.011 | +./stack.sh:main:507                       echo_summary 'stack.sh log /tmp/devstack_logs/devstacklog.txt.2020-04-09-202639'
2020-04-09 20:26:40.011 | tput: No value for $TERM and no -T specified
2020-04-09 20:26:40.011 | ++./stack.sh:main:499                       /usr/bin/python3.6 /opt/stack/devstack/tools/outfilter.py -o /tmp/devstack_logs/devstacklog.txt.2020-04-09-202639.summary.2020-04-09-202639
2020-04-09 20:26:40.011 | tput: No value for $TERM and no -T specified
2020-04-09 20:26:40.011 | tput: No value for $TERM and no -T specified
2020-04-09 20:26:40.011 | +./stack.sh:echo_summary:452               [[ -t 3 ]]
2020-04-09 20:26:40.011 | tput: No value for $TERM and no -T specified
2020-04-09 20:26:40.011 | tput: No value for $TERM and no -T specified
2020-04-09 20:26:40.011 | +./stack.sh:echo_summary:458               echo -e stack.sh log /tmp/devstack_logs/devstacklog.txt.2020-04-09-202639
2020-04-09 20:26:40.011 | tput: No value for $TERM and no -T specified
2020-04-09 20:26:40.011 | tput: No value for $TERM and no -T specified
2020-04-09 20:26:40.011 | +./stack.sh:main:509                       ln -sf /tmp/devstack_logs/devstacklog.txt.2020-04-09-202639 /tmp/devstack_logs/devstacklog.txt
2020-04-09 20:26:40.011 | tput: No value for $TERM and no -T specified
2020-04-09 20:26:40.011 | tput: No value for $TERM and no -T specified
2020-04-09 20:26:40.011 | +./stack.sh:main:510                       ln -sf /tmp/devstack_logs/devstacklog.txt.2020-04-09-202639.summary.2020-04-09-202639 /tmp/devstack_logs/devstacklog.txt.summary
2020-04-09 20:26:40.012 | tput: No value for $TERM and no -T specified
2020-04-09 20:26:40.012 | tput: No value for $TERM and no -T specified
2020-04-09 20:26:40.012 | +./stack.sh:main:525                       check_path_perm_sanity /opt/stack
2020-04-09 20:26:40.013 | tput: No value for $TERM and no -T specified
2020-04-09 20:26:40.017 | tput: No value for $TERM and no -T specified
2020-04-09 20:26:40.017 | +functions:check_path_perm_sanity:567      local real_path
2020-04-09 20:26:40.020 | tput: No value for $TERM and no -T specified
2020-04-09 20:26:40.024 | tput: No value for $TERM and no -T specified
2020-04-09 20:26:40.025 | ++functions:check_path_perm_sanity:568      readlink -f /opt/stack
2020-04-09 20:26:40.027 | tput: No value for $TERM and no -T specified
2020-04-09 20:26:40.032 | tput: No value for $TERM and no -T specified
2020-04-09 20:26:40.032 | +functions:check_path_perm_sanity:568      real_path=/opt/stack
2020-04-09 20:26:40.034 | tput: No value for $TERM and no -T specified
2020-04-09 20:26:40.039 | tput: No value for $TERM and no -T specified
2020-04-09 20:26:40.040 | +functions:check_path_perm_sanity:569      local rebuilt_path=
2020-04-09 20:26:40.043 | tput: No value for $TERM and no -T specified
2020-04-09 20:26:40.044 | tput: No value for $TERM and no -T specified
2020-04-09 20:26:40.049 | tput: No value for $TERM and no -T specified
2020-04-09 20:26:40.049 | ++functions:check_path_perm_sanity:570      echo /opt/stack
2020-04-09 20:26:40.050 | tput: No value for $TERM and no -T specified
2020-04-09 20:26:40.051 | ++functions:check_path_perm_sanity:570      tr / ' '
2020-04-09 20:26:40.055 | tput: No value for $TERM and no -T specified
2020-04-09 20:26:40.059 | tput: No value for $TERM and no -T specified
2020-04-09 20:26:40.060 | +functions:check_path_perm_sanity:570      for i in $(echo ${real_path} | tr "/" " ")
2020-04-09 20:26:40.061 | tput: No value for $TERM and no -T specified
2020-04-09 20:26:40.066 | tput: No value for $TERM and no -T specified
2020-04-09 20:26:40.066 | +functions:check_path_perm_sanity:571      rebuilt_path=/opt
2020-04-09 20:26:40.070 | tput: No value for $TERM and no -T specified
2020-04-09 20:26:40.077 | tput: No value for $TERM and no -T specified
2020-04-09 20:26:40.078 | ++functions:check_path_perm_sanity:573      stat -c %a /opt
2020-04-09 20:26:40.083 | tput: No value for $TERM and no -T specified
2020-04-09 20:26:40.088 | tput: No value for $TERM and no -T specified
2020-04-09 20:26:40.089 | +functions:check_path_perm_sanity:573      [[ 755 = 700 ]]
2020-04-09 20:26:40.091 | tput: No value for $TERM and no -T specified
2020-04-09 20:26:40.096 | tput: No value for $TERM and no -T specified
2020-04-09 20:26:40.096 | +functions:check_path_perm_sanity:570      for i in $(echo ${real_path} | tr "/" " ")
2020-04-09 20:26:40.098 | tput: No value for $TERM and no -T specified
2020-04-09 20:26:40.103 | tput: No value for $TERM and no -T specified
2020-04-09 20:26:40.103 | +functions:check_path_perm_sanity:571      rebuilt_path=/opt/stack
2020-04-09 20:26:40.107 | tput: No value for $TERM and no -T specified
2020-04-09 20:26:40.113 | tput: No value for $TERM and no -T specified
2020-04-09 20:26:40.114 | ++functions:check_path_perm_sanity:573      stat -c %a /opt/stack
2020-04-09 20:26:40.118 | tput: No value for $TERM and no -T specified
2020-04-09 20:26:40.124 | tput: No value for $TERM and no -T specified
2020-04-09 20:26:40.124 | +functions:check_path_perm_sanity:573      [[ 777 = 700 ]]
2020-04-09 20:26:40.126 | tput: No value for $TERM and no -T specified
2020-04-09 20:26:40.132 | tput: No value for $TERM and no -T specified
2020-04-09 20:26:40.133 | +./stack.sh:main:531                       trap exit_trap EXIT
2020-04-09 20:26:40.135 | tput: No value for $TERM and no -T specified
2020-04-09 20:26:40.140 | tput: No value for $TERM and no -T specified
2020-04-09 20:26:40.141 | +./stack.sh:main:572                       trap err_trap ERR
2020-04-09 20:26:40.143 | tput: No value for $TERM and no -T specified
2020-04-09 20:26:40.148 | tput: No value for $TERM and no -T specified
2020-04-09 20:26:40.148 | +./stack.sh:main:585                       set -o errexit
2020-04-09 20:26:40.150 | tput: No value for $TERM and no -T specified
2020-04-09 20:26:40.156 | tput: No value for $TERM and no -T specified
2020-04-09 20:26:40.156 | +./stack.sh:main:588                       uname -a
2020-04-09 20:26:40.158 | Linux cloud-provider-iscsi-0000000228 4.15.0-96-generic #97-Ubuntu SMP Wed Apr 1 03:25:46 UTC 2020 x86_64 x86_64 x86_64 GNU/Linux
2020-04-09 20:26:40.161 | tput: No value for $TERM and no -T specified
2020-04-09 20:26:40.168 | tput: No value for $TERM and no -T specified
2020-04-09 20:26:40.168 | +./stack.sh:main:591                       SSL_BUNDLE_FILE=/opt/stack/data/ca-bundle.pem
2020-04-09 20:26:40.169 | tput: No value for $TERM and no -T specified
2020-04-09 20:26:40.176 | tput: No value for $TERM and no -T specified
2020-04-09 20:26:40.176 | +./stack.sh:main:592                       rm -f /opt/stack/data/ca-bundle.pem
2020-04-09 20:26:40.180 | tput: No value for $TERM and no -T specified
2020-04-09 20:26:40.185 | tput: No value for $TERM and no -T specified
2020-04-09 20:26:40.185 | +./stack.sh:main:595                       source /opt/stack/devstack/lib/database
2020-04-09 20:26:40.189 | tput: No value for $TERM and no -T specified
2020-04-09 20:26:40.189 | tput: No value for $TERM and no -T specified
2020-04-09 20:26:40.195 | tput: No value for $TERM and no -T specified
2020-04-09 20:26:40.196 | tput: No value for $TERM and no -T specified
2020-04-09 20:26:40.200 | tput: No value for $TERM and no -T specified
2020-04-09 20:26:40.206 | tput: No value for $TERM and no -T specified
2020-04-09 20:26:40.208 | tput: No value for $TERM and no -T specified
2020-04-09 20:26:40.214 | tput: No value for $TERM and no -T specified
2020-04-09 20:26:40.235 | tput: No value for $TERM and no -T specified
2020-04-09 20:26:40.240 | tput: No value for $TERM and no -T specified
2020-04-09 20:26:40.240 | +./stack.sh:main:596                       source /opt/stack/devstack/lib/rpc_backend
2020-04-09 20:26:40.244 | tput: No value for $TERM and no -T specified
2020-04-09 20:26:40.245 | tput: No value for $TERM and no -T specified
2020-04-09 20:26:40.250 | tput: No value for $TERM and no -T specified
2020-04-09 20:26:40.252 | tput: No value for $TERM and no -T specified
2020-04-09 20:26:40.257 | tput: No value for $TERM and no -T specified
2020-04-09 20:26:40.262 | tput: No value for $TERM and no -T specified
2020-04-09 20:26:40.264 | tput: No value for $TERM and no -T specified
2020-04-09 20:26:40.271 | tput: No value for $TERM and no -T specified
2020-04-09 20:26:40.279 | tput: No value for $TERM and no -T specified
2020-04-09 20:26:40.286 | tput: No value for $TERM and no -T specified
2020-04-09 20:26:40.286 | +./stack.sh:main:602                       fetch_plugins
2020-04-09 20:26:40.289 | tput: No value for $TERM and no -T specified
2020-04-09 20:26:40.293 | tput: No value for $TERM and no -T specified
2020-04-09 20:26:40.294 | +functions-common:fetch_plugins:1676       local plugins=
2020-04-09 20:26:40.295 | tput: No value for $TERM and no -T specified
2020-04-09 20:26:40.300 | tput: No value for $TERM and no -T specified
2020-04-09 20:26:40.300 | +functions-common:fetch_plugins:1677       local plugin
2020-04-09 20:26:40.302 | tput: No value for $TERM and no -T specified
2020-04-09 20:26:40.307 | tput: No value for $TERM and no -T specified
2020-04-09 20:26:40.307 | +functions-common:fetch_plugins:1680       [[ -z '' ]]
2020-04-09 20:26:40.310 | tput: No value for $TERM and no -T specified
2020-04-09 20:26:40.315 | tput: No value for $TERM and no -T specified
2020-04-09 20:26:40.315 | +functions-common:fetch_plugins:1681       return
2020-04-09 20:26:40.318 | tput: No value for $TERM and no -T specified
2020-04-09 20:26:40.323 | tput: No value for $TERM and no -T specified
2020-04-09 20:26:40.323 | +./stack.sh:main:606                       run_phase override_defaults
2020-04-09 20:26:40.325 | tput: No value for $TERM and no -T specified
2020-04-09 20:26:40.330 | tput: No value for $TERM and no -T specified
2020-04-09 20:26:40.330 | +functions-common:run_phase:1758           local mode=override_defaults
2020-04-09 20:26:40.332 | tput: No value for $TERM and no -T specified
2020-04-09 20:26:40.336 | tput: No value for $TERM and no -T specified
2020-04-09 20:26:40.336 | +functions-common:run_phase:1759           local phase=
2020-04-09 20:26:40.338 | tput: No value for $TERM and no -T specified
2020-04-09 20:26:40.343 | tput: No value for $TERM and no -T specified
2020-04-09 20:26:40.343 | +functions-common:run_phase:1760           [[ -d /opt/stack/devstack/extras.d ]]
2020-04-09 20:26:40.346 | tput: No value for $TERM and no -T specified
2020-04-09 20:26:40.351 | tput: No value for $TERM and no -T specified
2020-04-09 20:26:40.351 | +functions-common:run_phase:1761           local extra_plugin_file_name
2020-04-09 20:26:40.353 | tput: No value for $TERM and no -T specified
2020-04-09 20:26:40.359 | tput: No value for $TERM and no -T specified
2020-04-09 20:26:40.359 | +functions-common:run_phase:1762           for extra_plugin_file_name in $TOP_DIR/extras.d/*.sh
2020-04-09 20:26:40.361 | tput: No value for $TERM and no -T specified
2020-04-09 20:26:40.365 | tput: No value for $TERM and no -T specified
2020-04-09 20:26:40.365 | +functions-common:run_phase:1767           local exceptions=80-tempest.sh
2020-04-09 20:26:40.367 | tput: No value for $TERM and no -T specified
2020-04-09 20:26:40.372 | tput: No value for $TERM and no -T specified
2020-04-09 20:26:40.372 | +functions-common:run_phase:1768           local extra
2020-04-09 20:26:40.375 | tput: No value for $TERM and no -T specified
2020-04-09 20:26:40.381 | tput: No value for $TERM and no -T specified
2020-04-09 20:26:40.382 | ++functions-common:run_phase:1769           basename /opt/stack/devstack/extras.d/80-tempest.sh
2020-04-09 20:26:40.387 | tput: No value for $TERM and no -T specified
2020-04-09 20:26:40.392 | tput: No value for $TERM and no -T specified
2020-04-09 20:26:40.392 | +functions-common:run_phase:1769           extra=80-tempest.sh
2020-04-09 20:26:40.393 | tput: No value for $TERM and no -T specified
2020-04-09 20:26:40.399 | tput: No value for $TERM and no -T specified
2020-04-09 20:26:40.399 | +functions-common:run_phase:1770           [[ 80-tempest.sh =~ 80-tempest\.sh ]]
2020-04-09 20:26:40.401 | tput: No value for $TERM and no -T specified
2020-04-09 20:26:40.407 | tput: No value for $TERM and no -T specified
2020-04-09 20:26:40.408 | +functions-common:run_phase:1774           [[ -r /opt/stack/devstack/extras.d/80-tempest.sh ]]
2020-04-09 20:26:40.410 | tput: No value for $TERM and no -T specified
2020-04-09 20:26:40.415 | tput: No value for $TERM and no -T specified
2020-04-09 20:26:40.415 | +functions-common:run_phase:1774           source /opt/stack/devstack/extras.d/80-tempest.sh override_defaults
2020-04-09 20:26:40.418 | tput: No value for $TERM and no -T specified
2020-04-09 20:26:40.424 | tput: No value for $TERM and no -T specified
2020-04-09 20:26:40.425 | ++extras.d/80-tempest.sh:source:3           is_service_enabled tempest
2020-04-09 20:26:40.427 | tput: No value for $TERM and no -T specified
2020-04-09 20:26:40.432 | tput: No value for $TERM and no -T specified
2020-04-09 20:26:40.436 | tput: No value for $TERM and no -T specified
2020-04-09 20:26:40.436 | tput: No value for $TERM and no -T specified
2020-04-09 20:26:40.442 | tput: No value for $TERM and no -T specified
2020-04-09 20:26:40.442 | tput: No value for $TERM and no -T specified
2020-04-09 20:26:40.447 | tput: No value for $TERM and no -T specified
2020-04-09 20:26:40.451 | tput: No value for $TERM and no -T specified
2020-04-09 20:26:40.454 | tput: No value for $TERM and no -T specified
2020-04-09 20:26:40.459 | tput: No value for $TERM and no -T specified
2020-04-09 20:26:40.462 | tput: No value for $TERM and no -T specified
2020-04-09 20:26:40.467 | tput: No value for $TERM and no -T specified
2020-04-09 20:26:40.468 | ++functions-common:is_service_enabled:1986  return 0
2020-04-09 20:26:40.470 | tput: No value for $TERM and no -T specified
2020-04-09 20:26:40.475 | tput: No value for $TERM and no -T specified
2020-04-09 20:26:40.476 | ++extras.d/80-tempest.sh:source:4           [[ override_defaults == \s\o\u\r\c\e ]]
2020-04-09 20:26:40.477 | tput: No value for $TERM and no -T specified
2020-04-09 20:26:40.483 | tput: No value for $TERM and no -T specified
2020-04-09 20:26:40.484 | ++extras.d/80-tempest.sh:source:7           [[ override_defaults == \s\t\a\c\k ]]
2020-04-09 20:26:40.485 | tput: No value for $TERM and no -T specified
2020-04-09 20:26:40.491 | tput: No value for $TERM and no -T specified
2020-04-09 20:26:40.492 | ++extras.d/80-tempest.sh:source:10          [[ override_defaults == \s\t\a\c\k ]]
2020-04-09 20:26:40.494 | tput: No value for $TERM and no -T specified
2020-04-09 20:26:40.500 | tput: No value for $TERM and no -T specified
2020-04-09 20:26:40.501 | ++extras.d/80-tempest.sh:source:13          [[ override_defaults == \s\t\a\c\k ]]
2020-04-09 20:26:40.503 | tput: No value for $TERM and no -T specified
2020-04-09 20:26:40.509 | tput: No value for $TERM and no -T specified
2020-04-09 20:26:40.509 | ++extras.d/80-tempest.sh:source:16          [[ override_defaults == \s\t\a\c\k ]]
2020-04-09 20:26:40.512 | tput: No value for $TERM and no -T specified
2020-04-09 20:26:40.518 | tput: No value for $TERM and no -T specified
2020-04-09 20:26:40.519 | ++extras.d/80-tempest.sh:source:19          [[ override_defaults == \s\t\a\c\k ]]
2020-04-09 20:26:40.521 | tput: No value for $TERM and no -T specified
2020-04-09 20:26:40.527 | tput: No value for $TERM and no -T specified
2020-04-09 20:26:40.528 | ++extras.d/80-tempest.sh:source:26          [[ override_defaults == \u\n\s\t\a\c\k ]]
2020-04-09 20:26:40.530 | tput: No value for $TERM and no -T specified
2020-04-09 20:26:40.537 | tput: No value for $TERM and no -T specified
2020-04-09 20:26:40.538 | ++extras.d/80-tempest.sh:source:31          [[ override_defaults == \c\l\e\a\n ]]
2020-04-09 20:26:40.539 | tput: No value for $TERM and no -T specified
2020-04-09 20:26:40.545 | tput: No value for $TERM and no -T specified
2020-04-09 20:26:40.545 | +functions-common:run_phase:1779           [[ override_defaults == \s\o\u\r\c\e ]]
2020-04-09 20:26:40.547 | tput: No value for $TERM and no -T specified
2020-04-09 20:26:40.553 | tput: No value for $TERM and no -T specified
2020-04-09 20:26:40.553 | +functions-common:run_phase:1782           [[ override_defaults == \o\v\e\r\r\i\d\e\_\d\e\f\a\u\l\t\s ]]
2020-04-09 20:26:40.555 | tput: No value for $TERM and no -T specified
2020-04-09 20:26:40.560 | tput: No value for $TERM and no -T specified
2020-04-09 20:26:40.561 | +functions-common:run_phase:1783           plugin_override_defaults
2020-04-09 20:26:40.563 | tput: No value for $TERM and no -T specified
2020-04-09 20:26:40.568 | tput: No value for $TERM and no -T specified
2020-04-09 20:26:40.568 | +functions-common:plugin_override_defaults:1717  local plugins=
2020-04-09 20:26:40.570 | tput: No value for $TERM and no -T specified
2020-04-09 20:26:40.575 | tput: No value for $TERM and no -T specified
2020-04-09 20:26:40.575 | +functions-common:plugin_override_defaults:1718  local plugin
2020-04-09 20:26:40.577 | tput: No value for $TERM and no -T specified
2020-04-09 20:26:40.582 | tput: No value for $TERM and no -T specified
2020-04-09 20:26:40.583 | +functions-common:plugin_override_defaults:1721  [[ -z '' ]]
2020-04-09 20:26:40.585 | tput: No value for $TERM and no -T specified
2020-04-09 20:26:40.590 | tput: No value for $TERM and no -T specified
2020-04-09 20:26:40.590 | +functions-common:plugin_override_defaults:1722  return
2020-04-09 20:26:40.593 | tput: No value for $TERM and no -T specified
2020-04-09 20:26:40.599 | tput: No value for $TERM and no -T specified
2020-04-09 20:26:40.599 | +./stack.sh:main:609                       source /opt/stack/devstack/lib/apache
2020-04-09 20:26:40.604 | tput: No value for $TERM and no -T specified
2020-04-09 20:26:40.605 | tput: No value for $TERM and no -T specified
2020-04-09 20:26:40.610 | tput: No value for $TERM and no -T specified
2020-04-09 20:26:40.612 | tput: No value for $TERM and no -T specified
2020-04-09 20:26:40.617 | tput: No value for $TERM and no -T specified
2020-04-09 20:26:40.623 | tput: No value for $TERM and no -T specified
2020-04-09 20:26:40.626 | tput: No value for $TERM and no -T specified
2020-04-09 20:26:40.631 | tput: No value for $TERM and no -T specified
2020-04-09 20:26:40.641 | tput: No value for $TERM and no -T specified
2020-04-09 20:26:40.646 | tput: No value for $TERM and no -T specified
2020-04-09 20:26:40.646 | +./stack.sh:main:612                       source /opt/stack/devstack/lib/tls
2020-04-09 20:26:40.649 | tput: No value for $TERM and no -T specified
2020-04-09 20:26:40.655 | tput: No value for $TERM and no -T specified
2020-04-09 20:26:40.656 | ++lib/tls:source:38                         is_service_enabled tls-proxy
2020-04-09 20:26:40.658 | tput: No value for $TERM and no -T specified
2020-04-09 20:26:40.665 | tput: No value for $TERM and no -T specified
2020-04-09 20:26:40.669 | tput: No value for $TERM and no -T specified
2020-04-09 20:26:40.670 | tput: No value for $TERM and no -T specified
2020-04-09 20:26:40.675 | tput: No value for $TERM and no -T specified
2020-04-09 20:26:40.676 | tput: No value for $TERM and no -T specified
2020-04-09 20:26:40.681 | tput: No value for $TERM and no -T specified
2020-04-09 20:26:40.686 | tput: No value for $TERM and no -T specified
2020-04-09 20:26:40.689 | tput: No value for $TERM and no -T specified
2020-04-09 20:26:40.694 | tput: No value for $TERM and no -T specified
2020-04-09 20:26:40.697 | tput: No value for $TERM and no -T specified
2020-04-09 20:26:40.703 | tput: No value for $TERM and no -T specified
2020-04-09 20:26:40.703 | ++functions-common:is_service_enabled:1986  return 1
2020-04-09 20:26:40.706 | tput: No value for $TERM and no -T specified
2020-04-09 20:26:40.714 | tput: No value for $TERM and no -T specified
2020-04-09 20:26:40.715 | +++lib/tls:source:43                         hostname -f
2020-04-09 20:26:40.720 | tput: No value for $TERM and no -T specified
2020-04-09 20:26:40.726 | tput: No value for $TERM and no -T specified
2020-04-09 20:26:40.727 | ++lib/tls:source:43                         DEVSTACK_HOSTNAME=localhost
2020-04-09 20:26:40.729 | tput: No value for $TERM and no -T specified
2020-04-09 20:26:40.735 | tput: No value for $TERM and no -T specified
2020-04-09 20:26:40.736 | ++lib/tls:source:44                         DEVSTACK_CERT_NAME=devstack-cert
2020-04-09 20:26:40.738 | tput: No value for $TERM and no -T specified
2020-04-09 20:26:40.744 | tput: No value for $TERM and no -T specified
2020-04-09 20:26:40.745 | ++lib/tls:source:45                         DEVSTACK_CERT=/opt/stack/data/devstack-cert.pem
2020-04-09 20:26:40.747 | tput: No value for $TERM and no -T specified
2020-04-09 20:26:40.752 | tput: No value for $TERM and no -T specified
2020-04-09 20:26:40.753 | ++lib/tls:source:48                         ROOT_CA_DIR=/opt/stack/data/CA/root-ca
2020-04-09 20:26:40.756 | tput: No value for $TERM and no -T specified
2020-04-09 20:26:40.761 | tput: No value for $TERM and no -T specified
2020-04-09 20:26:40.762 | ++lib/tls:source:49                         INT_CA_DIR=/opt/stack/data/CA/int-ca
2020-04-09 20:26:40.765 | tput: No value for $TERM and no -T specified
2020-04-09 20:26:40.771 | tput: No value for $TERM and no -T specified
2020-04-09 20:26:40.772 | ++lib/tls:source:51                         ORG_NAME=OpenStack
2020-04-09 20:26:40.774 | tput: No value for $TERM and no -T specified
2020-04-09 20:26:40.780 | tput: No value for $TERM and no -T specified
2020-04-09 20:26:40.781 | ++lib/tls:source:52                         ORG_UNIT_NAME=DevStack
2020-04-09 20:26:40.784 | tput: No value for $TERM and no -T specified
2020-04-09 20:26:40.789 | tput: No value for $TERM and no -T specified
2020-04-09 20:26:40.791 | ++lib/tls:source:55                         STUD_PROTO=--tls
2020-04-09 20:26:40.792 | tput: No value for $TERM and no -T specified
2020-04-09 20:26:40.797 | tput: No value for $TERM and no -T specified
2020-04-09 20:26:40.798 | ++lib/tls:source:56                         STUD_CIPHERS='TLSv1+HIGH:!DES:!aNULL:!eNULL:@STRENGTH'
2020-04-09 20:26:40.799 | tput: No value for $TERM and no -T specified
2020-04-09 20:26:40.804 | tput: No value for $TERM and no -T specified
2020-04-09 20:26:40.806 | ++lib/tls:source:63                         OPENSSL=/usr/bin/openssl
2020-04-09 20:26:40.808 | tput: No value for $TERM and no -T specified
2020-04-09 20:26:40.813 | tput: No value for $TERM and no -T specified
2020-04-09 20:26:40.814 | +./stack.sh:main:615                       source /opt/stack/devstack/lib/infra
2020-04-09 20:26:40.817 | tput: No value for $TERM and no -T specified
2020-04-09 20:26:40.817 | tput: No value for $TERM and no -T specified
2020-04-09 20:26:40.822 | tput: No value for $TERM and no -T specified
2020-04-09 20:26:40.823 | tput: No value for $TERM and no -T specified
2020-04-09 20:26:40.826 | tput: No value for $TERM and no -T specified
2020-04-09 20:26:40.830 | tput: No value for $TERM and no -T specified
2020-04-09 20:26:40.832 | tput: No value for $TERM and no -T specified
2020-04-09 20:26:40.837 | tput: No value for $TERM and no -T specified
2020-04-09 20:26:40.839 | tput: No value for $TERM and no -T specified
2020-04-09 20:26:40.844 | tput: No value for $TERM and no -T specified
2020-04-09 20:26:40.844 | +./stack.sh:main:616                       source /opt/stack/devstack/lib/libraries
2020-04-09 20:26:40.848 | tput: No value for $TERM and no -T specified
2020-04-09 20:26:40.848 | tput: No value for $TERM and no -T specified
2020-04-09 20:26:40.853 | tput: No value for $TERM and no -T specified
2020-04-09 20:26:40.855 | tput: No value for $TERM and no -T specified
2020-04-09 20:26:40.859 | tput: No value for $TERM and no -T specified
2020-04-09 20:26:40.863 | tput: No value for $TERM and no -T specified
2020-04-09 20:26:40.865 | tput: No value for $TERM and no -T specified
2020-04-09 20:26:40.870 | tput: No value for $TERM and no -T specified
2020-04-09 20:26:40.880 | tput: No value for $TERM and no -T specified
2020-04-09 20:26:40.885 | tput: No value for $TERM and no -T specified
2020-04-09 20:26:40.885 | +./stack.sh:main:617                       source /opt/stack/devstack/lib/lvm
2020-04-09 20:26:40.889 | tput: No value for $TERM and no -T specified
2020-04-09 20:26:40.889 | tput: No value for $TERM and no -T specified
2020-04-09 20:26:40.895 | tput: No value for $TERM and no -T specified
2020-04-09 20:26:40.895 | tput: No value for $TERM and no -T specified
2020-04-09 20:26:40.899 | tput: No value for $TERM and no -T specified
2020-04-09 20:26:40.903 | tput: No value for $TERM and no -T specified
2020-04-09 20:26:40.905 | tput: No value for $TERM and no -T specified
2020-04-09 20:26:40.911 | tput: No value for $TERM and no -T specified
2020-04-09 20:26:40.915 | tput: No value for $TERM and no -T specified
2020-04-09 20:26:40.920 | tput: No value for $TERM and no -T specified
2020-04-09 20:26:40.920 | +./stack.sh:main:618                       source /opt/stack/devstack/lib/horizon
2020-04-09 20:26:40.923 | tput: No value for $TERM and no -T specified
2020-04-09 20:26:40.924 | tput: No value for $TERM and no -T specified
2020-04-09 20:26:40.929 | tput: tput: No value for $TERM and no -T specified
2020-04-09 20:26:40.930 | No value for $TERM and no -T specified
2020-04-09 20:26:40.934 | tput: No value for $TERM and no -T specified
2020-04-09 20:26:40.938 | tput: No value for $TERM and no -T specified
2020-04-09 20:26:40.941 | tput: No value for $TERM and no -T specified
2020-04-09 20:26:40.945 | tput: No value for $TERM and no -T specified
2020-04-09 20:26:40.947 | tput: No value for $TERM and no -T specified
2020-04-09 20:26:40.951 | tput: No value for $TERM and no -T specified
2020-04-09 20:26:40.951 | +./stack.sh:main:619                       source /opt/stack/devstack/lib/keystone
2020-04-09 20:26:40.954 | tput: No value for $TERM and no -T specified
2020-04-09 20:26:40.956 | tput: No value for $TERM and no -T specified
2020-04-09 20:26:40.961 | tput: No value for $TERM and no -T specified
2020-04-09 20:26:40.962 | tput: No value for $TERM and no -T specified
2020-04-09 20:26:40.968 | tput: No value for $TERM and no -T specified
2020-04-09 20:26:40.973 | tput: No value for $TERM and no -T specified
2020-04-09 20:26:40.976 | tput: No value for $TERM and no -T specified
2020-04-09 20:26:40.980 | tput: No value for $TERM and no -T specified
2020-04-09 20:26:40.999 | tput: No value for $TERM and no -T specified
2020-04-09 20:26:41.004 | tput: No value for $TERM and no -T specified
2020-04-09 20:26:41.005 | +./stack.sh:main:620                       source /opt/stack/devstack/lib/glance
2020-04-09 20:26:41.008 | tput: No value for $TERM and no -T specified
2020-04-09 20:26:41.010 | tput: No value for $TERM and no -T specified
2020-04-09 20:26:41.013 | tput: No value for $TERM and no -T specified
2020-04-09 20:26:41.014 | tput: No value for $TERM and no -T specified
2020-04-09 20:26:41.019 | tput: No value for $TERM and no -T specified
2020-04-09 20:26:41.024 | tput: No value for $TERM and no -T specified
2020-04-09 20:26:41.027 | tput: No value for $TERM and no -T specified
2020-04-09 20:26:41.033 | tput: No value for $TERM and no -T specified
2020-04-09 20:26:41.061 | tput: No value for $TERM and no -T specified
2020-04-09 20:26:41.066 | tput: No value for $TERM and no -T specified
2020-04-09 20:26:41.067 | +./stack.sh:main:621                       source /opt/stack/devstack/lib/nova
2020-04-09 20:26:41.071 | tput: No value for $TERM and no -T specified
2020-04-09 20:26:41.073 | tput: No value for $TERM and no -T specified
2020-04-09 20:26:41.077 | tput: No value for $TERM and no -T specified
2020-04-09 20:26:41.079 | tput: No value for $TERM and no -T specified
2020-04-09 20:26:41.083 | tput: No value for $TERM and no -T specified
2020-04-09 20:26:41.088 | tput: No value for $TERM and no -T specified
2020-04-09 20:26:41.091 | tput: No value for $TERM and no -T specified
2020-04-09 20:26:41.096 | tput: No value for $TERM and no -T specified
2020-04-09 20:26:41.181 | tput: No value for $TERM and no -T specified
2020-04-09 20:26:41.188 | tput: No value for $TERM and no -T specified
2020-04-09 20:26:41.188 | +./stack.sh:main:622                       source /opt/stack/devstack/lib/placement
2020-04-09 20:26:41.192 | tput: No value for $TERM and no -T specified
2020-04-09 20:26:41.192 | tput: No value for $TERM and no -T specified
2020-04-09 20:26:41.198 | tput: No value for $TERM and no -T specified
2020-04-09 20:26:41.199 | tput: No value for $TERM and no -T specified
2020-04-09 20:26:41.203 | tput: No value for $TERM and no -T specified
2020-04-09 20:26:41.208 | tput: No value for $TERM and no -T specified
2020-04-09 20:26:41.211 | tput: No value for $TERM and no -T specified
2020-04-09 20:26:41.217 | tput: No value for $TERM and no -T specified
2020-04-09 20:26:41.233 | tput: No value for $TERM and no -T specified
2020-04-09 20:26:41.238 | tput: No value for $TERM and no -T specified
2020-04-09 20:26:41.239 | +./stack.sh:main:623                       source /opt/stack/devstack/lib/cinder
2020-04-09 20:26:41.243 | tput: No value for $TERM and no -T specified
2020-04-09 20:26:41.243 | tput: No value for $TERM and no -T specified
2020-04-09 20:26:41.249 | tput: No value for $TERM and no -T specified
2020-04-09 20:26:41.250 | tput: No value for $TERM and no -T specified
2020-04-09 20:26:41.255 | tput: No value for $TERM and no -T specified
2020-04-09 20:26:41.260 | tput: No value for $TERM and no -T specified
2020-04-09 20:26:41.263 | tput: No value for $TERM and no -T specified
2020-04-09 20:26:41.269 | tput: No value for $TERM and no -T specified
2020-04-09 20:26:41.305 | tput: No value for $TERM and no -T specified
2020-04-09 20:26:41.311 | tput: No value for $TERM and no -T specified
2020-04-09 20:26:41.312 | +./stack.sh:main:624                       source /opt/stack/devstack/lib/swift
2020-04-09 20:26:41.316 | tput: No value for $TERM and no -T specified
2020-04-09 20:26:41.317 | tput: No value for $TERM and no -T specified
2020-04-09 20:26:41.323 | tput: No value for $TERM and no -T specified
2020-04-09 20:26:41.323 | tput: No value for $TERM and no -T specified
2020-04-09 20:26:41.329 | tput: No value for $TERM and no -T specified
2020-04-09 20:26:41.334 | tput: No value for $TERM and no -T specified
2020-04-09 20:26:41.337 | tput: No value for $TERM and no -T specified
2020-04-09 20:26:41.344 | tput: No value for $TERM and no -T specified
2020-04-09 20:26:41.408 | tput: No value for $TERM and no -T specified
2020-04-09 20:26:41.413 | tput: No value for $TERM and no -T specified
2020-04-09 20:26:41.413 | +./stack.sh:main:625                       source /opt/stack/devstack/lib/neutron
2020-04-09 20:26:41.418 | tput: No value for $TERM and no -T specified
2020-04-09 20:26:41.419 | tput: No value for $TERM and no -T specified
2020-04-09 20:26:41.424 | tput: No value for $TERM and no -T specified
2020-04-09 20:26:41.427 | tput: No value for $TERM and no -T specified
2020-04-09 20:26:41.432 | tput: No value for $TERM and no -T specified
2020-04-09 20:26:41.437 | tput: No value for $TERM and no -T specified
2020-04-09 20:26:41.440 | tput: No value for $TERM and no -T specified
2020-04-09 20:26:41.447 | tput: No value for $TERM and no -T specified
2020-04-09 20:26:41.490 | WARNING: Using lib/neutron-legacy is deprecated, and it will be removed in the future
2020-04-09 20:26:41.598 | tput: No value for $TERM and no -T specified
2020-04-09 20:26:41.604 | tput: No value for $TERM and no -T specified
2020-04-09 20:26:41.604 | +./stack.sh:main:626                       source /opt/stack/devstack/lib/ldap
2020-04-09 20:26:41.608 | tput: No value for $TERM and no -T specified
2020-04-09 20:26:41.609 | tput: No value for $TERM and no -T specified
2020-04-09 20:26:41.615 | tput: No value for $TERM and no -T specified
2020-04-09 20:26:41.617 | tput: No value for $TERM and no -T specified
2020-04-09 20:26:41.621 | tput: No value for $TERM and no -T specified
2020-04-09 20:26:41.626 | tput: No value for $TERM and no -T specified
2020-04-09 20:26:41.629 | tput: No value for $TERM and no -T specified
2020-04-09 20:26:41.634 | tput: No value for $TERM and no -T specified
2020-04-09 20:26:41.637 | tput: No value for $TERM and no -T specified
2020-04-09 20:26:41.643 | tput: No value for $TERM and no -T specified
2020-04-09 20:26:41.643 | +./stack.sh:main:627                       source /opt/stack/devstack/lib/dstat
2020-04-09 20:26:41.648 | tput: No value for $TERM and no -T specified
2020-04-09 20:26:41.648 | tput: No value for $TERM and no -T specified
2020-04-09 20:26:41.653 | tput: No value for $TERM and no -T specified
2020-04-09 20:26:41.656 | tput: No value for $TERM and no -T specified
2020-04-09 20:26:41.663 | tput: No value for $TERM and no -T specified
2020-04-09 20:26:41.670 | tput: No value for $TERM and no -T specified
2020-04-09 20:26:41.674 | tput: No value for $TERM and no -T specified
2020-04-09 20:26:41.680 | tput: No value for $TERM and no -T specified
2020-04-09 20:26:41.683 | tput: No value for $TERM and no -T specified
2020-04-09 20:26:41.689 | tput: No value for $TERM and no -T specified
2020-04-09 20:26:41.689 | +./stack.sh:main:628                       source /opt/stack/devstack/lib/tcpdump
2020-04-09 20:26:41.693 | tput: No value for $TERM and no -T specified
2020-04-09 20:26:41.694 | tput: No value for $TERM and no -T specified
2020-04-09 20:26:41.700 | tput: No value for $TERM and no -T specified
2020-04-09 20:26:41.701 | tput: No value for $TERM and no -T specified
2020-04-09 20:26:41.706 | tput: No value for $TERM and no -T specified
2020-04-09 20:26:41.713 | tput: No value for $TERM and no -T specified
2020-04-09 20:26:41.716 | tput: No value for $TERM and no -T specified
2020-04-09 20:26:41.722 | tput: No value for $TERM and no -T specified
2020-04-09 20:26:41.725 | tput: No value for $TERM and no -T specified
2020-04-09 20:26:41.731 | tput: No value for $TERM and no -T specified
2020-04-09 20:26:41.731 | +./stack.sh:main:629                       source /opt/stack/devstack/lib/etcd3
2020-04-09 20:26:41.735 | tput: No value for $TERM and no -T specified
2020-04-09 20:26:41.735 | tput: No value for $TERM and no -T specified
2020-04-09 20:26:41.741 | tput: No value for $TERM and no -T specified
2020-04-09 20:26:41.741 | tput: No value for $TERM and no -T specified
2020-04-09 20:26:41.747 | tput: No value for $TERM and no -T specified
2020-04-09 20:26:41.752 | tput: No value for $TERM and no -T specified
2020-04-09 20:26:41.755 | tput: No value for $TERM and no -T specified
2020-04-09 20:26:41.760 | tput: No value for $TERM and no -T specified
2020-04-09 20:26:41.827 | tput: No value for $TERM and no -T specified
2020-04-09 20:26:41.834 | tput: No value for $TERM and no -T specified
2020-04-09 20:26:41.835 | +./stack.sh:main:635                       run_phase source
2020-04-09 20:26:41.837 | tput: No value for $TERM and no -T specified
2020-04-09 20:26:41.842 | tput: No value for $TERM and no -T specified
2020-04-09 20:26:41.843 | +functions-common:run_phase:1758           local mode=source
2020-04-09 20:26:41.844 | tput: No value for $TERM and no -T specified
2020-04-09 20:26:41.851 | tput: No value for $TERM and no -T specified
2020-04-09 20:26:41.852 | +functions-common:run_phase:1759           local phase=
2020-04-09 20:26:41.853 | tput: No value for $TERM and no -T specified
2020-04-09 20:26:41.859 | tput: No value for $TERM and no -T specified
2020-04-09 20:26:41.859 | +functions-common:run_phase:1760           [[ -d /opt/stack/devstack/extras.d ]]
2020-04-09 20:26:41.861 | tput: No value for $TERM and no -T specified
2020-04-09 20:26:41.866 | tput: No value for $TERM and no -T specified
2020-04-09 20:26:41.866 | +functions-common:run_phase:1761           local extra_plugin_file_name
2020-04-09 20:26:41.868 | tput: No value for $TERM and no -T specified
2020-04-09 20:26:41.872 | tput: No value for $TERM and no -T specified
2020-04-09 20:26:41.872 | +functions-common:run_phase:1762           for extra_plugin_file_name in $TOP_DIR/extras.d/*.sh
2020-04-09 20:26:41.874 | tput: No value for $TERM and no -T specified
2020-04-09 20:26:41.879 | tput: No value for $TERM and no -T specified
2020-04-09 20:26:41.879 | +functions-common:run_phase:1767           local exceptions=80-tempest.sh
2020-04-09 20:26:41.881 | tput: No value for $TERM and no -T specified
2020-04-09 20:26:41.885 | tput: No value for $TERM and no -T specified
2020-04-09 20:26:41.885 | +functions-common:run_phase:1768           local extra
2020-04-09 20:26:41.888 | tput: No value for $TERM and no -T specified
2020-04-09 20:26:41.894 | tput: No value for $TERM and no -T specified
2020-04-09 20:26:41.895 | ++functions-common:run_phase:1769           basename /opt/stack/devstack/extras.d/80-tempest.sh
2020-04-09 20:26:41.898 | tput: No value for $TERM and no -T specified
2020-04-09 20:26:41.906 | tput: No value for $TERM and no -T specified
2020-04-09 20:26:41.906 | +functions-common:run_phase:1769           extra=80-tempest.sh
2020-04-09 20:26:41.908 | tput: No value for $TERM and no -T specified
2020-04-09 20:26:41.913 | tput: No value for $TERM and no -T specified
2020-04-09 20:26:41.914 | +functions-common:run_phase:1770           [[ 80-tempest.sh =~ 80-tempest\.sh ]]
2020-04-09 20:26:41.915 | tput: No value for $TERM and no -T specified
2020-04-09 20:26:41.921 | tput: No value for $TERM and no -T specified
2020-04-09 20:26:41.921 | +functions-common:run_phase:1774           [[ -r /opt/stack/devstack/extras.d/80-tempest.sh ]]
2020-04-09 20:26:41.923 | tput: No value for $TERM and no -T specified
2020-04-09 20:26:41.929 | tput: No value for $TERM and no -T specified
2020-04-09 20:26:41.929 | +functions-common:run_phase:1774           source /opt/stack/devstack/extras.d/80-tempest.sh source
2020-04-09 20:26:41.931 | tput: No value for $TERM and no -T specified
2020-04-09 20:26:41.937 | tput: No value for $TERM and no -T specified
2020-04-09 20:26:41.938 | ++extras.d/80-tempest.sh:source:3           is_service_enabled tempest
2020-04-09 20:26:41.940 | tput: No value for $TERM and no -T specified
2020-04-09 20:26:41.946 | tput: No value for $TERM and no -T specified
2020-04-09 20:26:41.951 | tput: No value for $TERM and no -T specified
2020-04-09 20:26:41.952 | tput: No value for $TERM and no -T specified
2020-04-09 20:26:41.958 | tput: No value for $TERM and no -T specified
2020-04-09 20:26:41.959 | tput: No value for $TERM and no -T specified
2020-04-09 20:26:41.964 | tput: No value for $TERM and no -T specified
2020-04-09 20:26:41.968 | tput: No value for $TERM and no -T specified
2020-04-09 20:26:41.970 | tput: No value for $TERM and no -T specified
2020-04-09 20:26:41.975 | tput: No value for $TERM and no -T specified
2020-04-09 20:26:41.979 | tput: No value for $TERM and no -T specified
2020-04-09 20:26:41.984 | tput: No value for $TERM and no -T specified
2020-04-09 20:26:41.985 | ++functions-common:is_service_enabled:1986  return 0
2020-04-09 20:26:41.987 | tput: No value for $TERM and no -T specified
2020-04-09 20:26:41.993 | tput: No value for $TERM and no -T specified
2020-04-09 20:26:41.993 | ++extras.d/80-tempest.sh:source:4           [[ source == \s\o\u\r\c\e ]]
2020-04-09 20:26:41.995 | tput: No value for $TERM and no -T specified
2020-04-09 20:26:42.000 | tput: No value for $TERM and no -T specified
