2020-04-16 11:50:22.515 | tput: No value for $TERM and no -T specified
2020-04-16 11:50:22.515 | tput: No value for $TERM and no -T specified
2020-04-16 11:50:22.515 | +./stack.sh:main:499                       exec
2020-04-16 11:50:22.515 | tput: No value for $TERM and no -T specified
2020-04-16 11:50:22.515 | tput: No value for $TERM and no -T specified
2020-04-16 11:50:22.515 | tput: No value for $TERM and no -T specified
2020-04-16 11:50:22.515 | +./stack.sh:main:507                       echo_summary 'stack.sh log /tmp/devstack_logs/devstacklog.txt.2020-04-16-115022'
2020-04-16 11:50:22.515 | tput: No value for $TERM and no -T specified
2020-04-16 11:50:22.516 | tput: No value for $TERM and no -T specified
2020-04-16 11:50:22.516 | ++./stack.sh:main:499                       /usr/bin/python3.6 /opt/stack/devstack/tools/outfilter.py -o /tmp/devstack_logs/devstacklog.txt.2020-04-16-115022.summary.2020-04-16-115022
2020-04-16 11:50:22.516 | tput: No value for $TERM and no -T specified
2020-04-16 11:50:22.516 | +./stack.sh:echo_summary:452               [[ -t 3 ]]
2020-04-16 11:50:22.516 | tput: No value for $TERM and no -T specified
2020-04-16 11:50:22.516 | tput: No value for $TERM and no -T specified
2020-04-16 11:50:22.516 | +./stack.sh:echo_summary:458               echo -e stack.sh log /tmp/devstack_logs/devstacklog.txt.2020-04-16-115022
2020-04-16 11:50:22.516 | tput: No value for $TERM and no -T specified
2020-04-16 11:50:22.516 | tput: No value for $TERM and no -T specified
2020-04-16 11:50:22.516 | +./stack.sh:main:509                       ln -sf /tmp/devstack_logs/devstacklog.txt.2020-04-16-115022 /tmp/devstack_logs/devstacklog.txt
2020-04-16 11:50:22.516 | tput: No value for $TERM and no -T specified
2020-04-16 11:50:22.516 | tput: No value for $TERM and no -T specified
2020-04-16 11:50:22.516 | +./stack.sh:main:510                       ln -sf /tmp/devstack_logs/devstacklog.txt.2020-04-16-115022.summary.2020-04-16-115022 /tmp/devstack_logs/devstacklog.txt.summary
2020-04-16 11:50:22.516 | tput: No value for $TERM and no -T specified
2020-04-16 11:50:22.516 | tput: No value for $TERM and no -T specified
2020-04-16 11:50:22.516 | +./stack.sh:main:525                       check_path_perm_sanity /opt/stack
2020-04-16 11:50:22.516 | tput: No value for $TERM and no -T specified
2020-04-16 11:50:22.516 | tput: No value for $TERM and no -T specified
2020-04-16 11:50:22.516 | +functions:check_path_perm_sanity:567      local real_path
2020-04-16 11:50:22.516 | tput: No value for $TERM and no -T specified
2020-04-16 11:50:22.524 | tput: No value for $TERM and no -T specified
2020-04-16 11:50:22.524 | ++functions:check_path_perm_sanity:568      readlink -f /opt/stack
2020-04-16 11:50:22.526 | tput: No value for $TERM and no -T specified
2020-04-16 11:50:22.529 | tput: No value for $TERM and no -T specified
2020-04-16 11:50:22.529 | +functions:check_path_perm_sanity:568      real_path=/opt/stack
2020-04-16 11:50:22.531 | tput: No value for $TERM and no -T specified
2020-04-16 11:50:22.536 | tput: No value for $TERM and no -T specified
2020-04-16 11:50:22.536 | +functions:check_path_perm_sanity:569      local rebuilt_path=
2020-04-16 11:50:22.539 | tput: No value for $TERM and no -T specified
2020-04-16 11:50:22.540 | tput: No value for $TERM and no -T specified
2020-04-16 11:50:22.545 | tput: No value for $TERM and no -T specified
2020-04-16 11:50:22.546 | ++functions:check_path_perm_sanity:570      tr / ' '
2020-04-16 11:50:22.546 | tput: No value for $TERM and no -T specified
2020-04-16 11:50:22.547 | ++functions:check_path_perm_sanity:570      echo /opt/stack
2020-04-16 11:50:22.549 | tput: No value for $TERM and no -T specified
2020-04-16 11:50:22.553 | tput: No value for $TERM and no -T specified
2020-04-16 11:50:22.553 | +functions:check_path_perm_sanity:570      for i in $(echo ${real_path} | tr "/" " ")
2020-04-16 11:50:22.554 | tput: No value for $TERM and no -T specified
2020-04-16 11:50:22.558 | tput: No value for $TERM and no -T specified
2020-04-16 11:50:22.558 | +functions:check_path_perm_sanity:571      rebuilt_path=/opt
2020-04-16 11:50:22.561 | tput: No value for $TERM and no -T specified
2020-04-16 11:50:22.565 | tput: No value for $TERM and no -T specified
2020-04-16 11:50:22.566 | ++functions:check_path_perm_sanity:573      stat -c %a /opt
2020-04-16 11:50:22.569 | tput: No value for $TERM and no -T specified
2020-04-16 11:50:22.573 | tput: No value for $TERM and no -T specified
2020-04-16 11:50:22.573 | +functions:check_path_perm_sanity:573      [[ 755 = 700 ]]
2020-04-16 11:50:22.575 | tput: No value for $TERM and no -T specified
2020-04-16 11:50:22.580 | tput: No value for $TERM and no -T specified
2020-04-16 11:50:22.580 | +functions:check_path_perm_sanity:570      for i in $(echo ${real_path} | tr "/" " ")
2020-04-16 11:50:22.582 | tput: No value for $TERM and no -T specified
2020-04-16 11:50:22.587 | tput: No value for $TERM and no -T specified
2020-04-16 11:50:22.588 | +functions:check_path_perm_sanity:571      rebuilt_path=/opt/stack
2020-04-16 11:50:22.591 | tput: No value for $TERM and no -T specified
2020-04-16 11:50:22.597 | tput: No value for $TERM and no -T specified
2020-04-16 11:50:22.598 | ++functions:check_path_perm_sanity:573      stat -c %a /opt/stack
2020-04-16 11:50:22.602 | tput: No value for $TERM and no -T specified
2020-04-16 11:50:22.607 | tput: No value for $TERM and no -T specified
2020-04-16 11:50:22.608 | +functions:check_path_perm_sanity:573      [[ 777 = 700 ]]
2020-04-16 11:50:22.610 | tput: No value for $TERM and no -T specified
2020-04-16 11:50:22.616 | tput: No value for $TERM and no -T specified
2020-04-16 11:50:22.616 | +./stack.sh:main:531                       trap exit_trap EXIT
2020-04-16 11:50:22.618 | tput: No value for $TERM and no -T specified
2020-04-16 11:50:22.624 | tput: No value for $TERM and no -T specified
2020-04-16 11:50:22.624 | +./stack.sh:main:572                       trap err_trap ERR
2020-04-16 11:50:22.626 | tput: No value for $TERM and no -T specified
2020-04-16 11:50:22.632 | tput: No value for $TERM and no -T specified
2020-04-16 11:50:22.633 | +./stack.sh:main:585                       set -o errexit
2020-04-16 11:50:22.635 | tput: No value for $TERM and no -T specified
2020-04-16 11:50:22.640 | tput: No value for $TERM and no -T specified
2020-04-16 11:50:22.641 | +./stack.sh:main:588                       uname -a
2020-04-16 11:50:22.642 | Linux cloud-provider-iscsi-0000000288 4.15.0-96-generic #97-Ubuntu SMP Wed Apr 1 03:25:46 UTC 2020 x86_64 x86_64 x86_64 GNU/Linux
2020-04-16 11:50:22.644 | tput: No value for $TERM and no -T specified
2020-04-16 11:50:22.650 | tput: No value for $TERM and no -T specified
2020-04-16 11:50:22.651 | +./stack.sh:main:591                       SSL_BUNDLE_FILE=/opt/stack/data/ca-bundle.pem
2020-04-16 11:50:22.653 | tput: No value for $TERM and no -T specified
2020-04-16 11:50:22.659 | tput: No value for $TERM and no -T specified
2020-04-16 11:50:22.659 | +./stack.sh:main:592                       rm -f /opt/stack/data/ca-bundle.pem
2020-04-16 11:50:22.663 | tput: No value for $TERM and no -T specified
2020-04-16 11:50:22.670 | tput: No value for $TERM and no -T specified
2020-04-16 11:50:22.670 | +./stack.sh:main:595                       source /opt/stack/devstack/lib/database
2020-04-16 11:50:22.674 | tput: No value for $TERM and no -T specified
2020-04-16 11:50:22.675 | tput: No value for $TERM and no -T specified
2020-04-16 11:50:22.681 | tput: No value for $TERM and no -T specified
2020-04-16 11:50:22.682 | tput: No value for $TERM and no -T specified
2020-04-16 11:50:22.687 | tput: No value for $TERM and no -T specified
2020-04-16 11:50:22.693 | tput: No value for $TERM and no -T specified
2020-04-16 11:50:22.695 | tput: No value for $TERM and no -T specified
2020-04-16 11:50:22.700 | tput: No value for $TERM and no -T specified
2020-04-16 11:50:22.720 | tput: No value for $TERM and no -T specified
2020-04-16 11:50:22.725 | tput: No value for $TERM and no -T specified
2020-04-16 11:50:22.725 | +./stack.sh:main:596                       source /opt/stack/devstack/lib/rpc_backend
2020-04-16 11:50:22.729 | tput: No value for $TERM and no -T specified
2020-04-16 11:50:22.730 | tput: No value for $TERM and no -T specified
2020-04-16 11:50:22.735 | tput: No value for $TERM and no -T specified
2020-04-16 11:50:22.736 | tput: No value for $TERM and no -T specified
2020-04-16 11:50:22.741 | tput: No value for $TERM and no -T specified
2020-04-16 11:50:22.746 | tput: No value for $TERM and no -T specified
2020-04-16 11:50:22.748 | tput: No value for $TERM and no -T specified
2020-04-16 11:50:22.753 | tput: No value for $TERM and no -T specified
2020-04-16 11:50:22.761 | tput: No value for $TERM and no -T specified
2020-04-16 11:50:22.766 | tput: No value for $TERM and no -T specified
2020-04-16 11:50:22.766 | +./stack.sh:main:602                       fetch_plugins
2020-04-16 11:50:22.768 | tput: No value for $TERM and no -T specified
2020-04-16 11:50:22.773 | tput: No value for $TERM and no -T specified
2020-04-16 11:50:22.774 | +functions-common:fetch_plugins:1676       local plugins=
2020-04-16 11:50:22.776 | tput: No value for $TERM and no -T specified
2020-04-16 11:50:22.780 | tput: No value for $TERM and no -T specified
2020-04-16 11:50:22.781 | +functions-common:fetch_plugins:1677       local plugin
2020-04-16 11:50:22.782 | tput: No value for $TERM and no -T specified
2020-04-16 11:50:22.787 | tput: No value for $TERM and no -T specified
2020-04-16 11:50:22.787 | +functions-common:fetch_plugins:1680       [[ -z '' ]]
2020-04-16 11:50:22.789 | tput: No value for $TERM and no -T specified
2020-04-16 11:50:22.794 | tput: No value for $TERM and no -T specified
2020-04-16 11:50:22.794 | +functions-common:fetch_plugins:1681       return
2020-04-16 11:50:22.796 | tput: No value for $TERM and no -T specified
2020-04-16 11:50:22.802 | tput: No value for $TERM and no -T specified
2020-04-16 11:50:22.803 | +./stack.sh:main:606                       run_phase override_defaults
2020-04-16 11:50:22.805 | tput: No value for $TERM and no -T specified
2020-04-16 11:50:22.810 | tput: No value for $TERM and no -T specified
2020-04-16 11:50:22.810 | +functions-common:run_phase:1758           local mode=override_defaults
2020-04-16 11:50:22.813 | tput: No value for $TERM and no -T specified
2020-04-16 11:50:22.818 | tput: No value for $TERM and no -T specified
2020-04-16 11:50:22.818 | +functions-common:run_phase:1759           local phase=
2020-04-16 11:50:22.820 | tput: No value for $TERM and no -T specified
2020-04-16 11:50:22.825 | tput: No value for $TERM and no -T specified
2020-04-16 11:50:22.825 | +functions-common:run_phase:1760           [[ -d /opt/stack/devstack/extras.d ]]
2020-04-16 11:50:22.827 | tput: No value for $TERM and no -T specified
2020-04-16 11:50:22.832 | tput: No value for $TERM and no -T specified
2020-04-16 11:50:22.832 | +functions-common:run_phase:1761           local extra_plugin_file_name
2020-04-16 11:50:22.834 | tput: No value for $TERM and no -T specified
2020-04-16 11:50:22.838 | tput: No value for $TERM and no -T specified
2020-04-16 11:50:22.839 | +functions-common:run_phase:1762           for extra_plugin_file_name in $TOP_DIR/extras.d/*.sh
2020-04-16 11:50:22.840 | tput: No value for $TERM and no -T specified
2020-04-16 11:50:22.845 | tput: No value for $TERM and no -T specified
2020-04-16 11:50:22.845 | +functions-common:run_phase:1767           local exceptions=80-tempest.sh
2020-04-16 11:50:22.847 | tput: No value for $TERM and no -T specified
2020-04-16 11:50:22.851 | tput: No value for $TERM and no -T specified
2020-04-16 11:50:22.852 | +functions-common:run_phase:1768           local extra
2020-04-16 11:50:22.854 | tput: No value for $TERM and no -T specified
2020-04-16 11:50:22.861 | tput: No value for $TERM and no -T specified
2020-04-16 11:50:22.862 | ++functions-common:run_phase:1769           basename /opt/stack/devstack/extras.d/80-tempest.sh
2020-04-16 11:50:22.865 | tput: No value for $TERM and no -T specified
2020-04-16 11:50:22.870 | tput: No value for $TERM and no -T specified
2020-04-16 11:50:22.870 | +functions-common:run_phase:1769           extra=80-tempest.sh
2020-04-16 11:50:22.872 | tput: No value for $TERM and no -T specified
2020-04-16 11:50:22.877 | tput: No value for $TERM and no -T specified
2020-04-16 11:50:22.877 | +functions-common:run_phase:1770           [[ 80-tempest.sh =~ 80-tempest\.sh ]]
2020-04-16 11:50:22.879 | tput: No value for $TERM and no -T specified
2020-04-16 11:50:22.884 | tput: No value for $TERM and no -T specified
2020-04-16 11:50:22.884 | +functions-common:run_phase:1774           [[ -r /opt/stack/devstack/extras.d/80-tempest.sh ]]
2020-04-16 11:50:22.886 | tput: No value for $TERM and no -T specified
2020-04-16 11:50:22.890 | tput: No value for $TERM and no -T specified
2020-04-16 11:50:22.890 | +functions-common:run_phase:1774           source /opt/stack/devstack/extras.d/80-tempest.sh override_defaults
2020-04-16 11:50:22.893 | tput: No value for $TERM and no -T specified
2020-04-16 11:50:22.898 | tput: No value for $TERM and no -T specified
2020-04-16 11:50:22.899 | ++extras.d/80-tempest.sh:source:3           is_service_enabled tempest
2020-04-16 11:50:22.901 | tput: No value for $TERM and no -T specified
2020-04-16 11:50:22.906 | tput: No value for $TERM and no -T specified
2020-04-16 11:50:22.910 | tput: No value for $TERM and no -T specified
2020-04-16 11:50:22.910 | tput: No value for $TERM and no -T specified
2020-04-16 11:50:22.916 | tput: No value for $TERM and no -T specified
2020-04-16 11:50:22.916 | tput: No value for $TERM and no -T specified
2020-04-16 11:50:22.920 | tput: No value for $TERM and no -T specified
2020-04-16 11:50:22.924 | tput: No value for $TERM and no -T specified
2020-04-16 11:50:22.926 | tput: No value for $TERM and no -T specified
2020-04-16 11:50:22.929 | tput: No value for $TERM and no -T specified
2020-04-16 11:50:22.932 | tput: No value for $TERM and no -T specified
2020-04-16 11:50:22.937 | tput: No value for $TERM and no -T specified
2020-04-16 11:50:22.937 | ++functions-common:is_service_enabled:1986  return 0
2020-04-16 11:50:22.939 | tput: No value for $TERM and no -T specified
2020-04-16 11:50:22.944 | tput: No value for $TERM and no -T specified
2020-04-16 11:50:22.944 | ++extras.d/80-tempest.sh:source:4           [[ override_defaults == \s\o\u\r\c\e ]]
2020-04-16 11:50:22.946 | tput: No value for $TERM and no -T specified
2020-04-16 11:50:22.951 | tput: No value for $TERM and no -T specified
2020-04-16 11:50:22.952 | ++extras.d/80-tempest.sh:source:7           [[ override_defaults == \s\t\a\c\k ]]
2020-04-16 11:50:22.954 | tput: No value for $TERM and no -T specified
2020-04-16 11:50:22.959 | tput: No value for $TERM and no -T specified
2020-04-16 11:50:22.960 | ++extras.d/80-tempest.sh:source:10          [[ override_defaults == \s\t\a\c\k ]]
2020-04-16 11:50:22.962 | tput: No value for $TERM and no -T specified
2020-04-16 11:50:22.967 | tput: No value for $TERM and no -T specified
2020-04-16 11:50:22.968 | ++extras.d/80-tempest.sh:source:13          [[ override_defaults == \s\t\a\c\k ]]
2020-04-16 11:50:22.970 | tput: No value for $TERM and no -T specified
2020-04-16 11:50:22.976 | tput: No value for $TERM and no -T specified
2020-04-16 11:50:22.977 | ++extras.d/80-tempest.sh:source:16          [[ override_defaults == \s\t\a\c\k ]]
2020-04-16 11:50:22.979 | tput: No value for $TERM and no -T specified
2020-04-16 11:50:22.984 | tput: No value for $TERM and no -T specified
2020-04-16 11:50:22.987 | ++extras.d/80-tempest.sh:source:19          [[ override_defaults == \s\t\a\c\k ]]
2020-04-16 11:50:22.989 | tput: No value for $TERM and no -T specified
2020-04-16 11:50:22.996 | tput: No value for $TERM and no -T specified
2020-04-16 11:50:22.997 | ++extras.d/80-tempest.sh:source:26          [[ override_defaults == \u\n\s\t\a\c\k ]]
2020-04-16 11:50:22.998 | tput: No value for $TERM and no -T specified
2020-04-16 11:50:23.003 | tput: No value for $TERM and no -T specified
2020-04-16 11:50:23.004 | ++extras.d/80-tempest.sh:source:31          [[ override_defaults == \c\l\e\a\n ]]
2020-04-16 11:50:23.005 | tput: No value for $TERM and no -T specified
2020-04-16 11:50:23.011 | tput: No value for $TERM and no -T specified
2020-04-16 11:50:23.011 | +functions-common:run_phase:1779           [[ override_defaults == \s\o\u\r\c\e ]]
2020-04-16 11:50:23.013 | tput: No value for $TERM and no -T specified
2020-04-16 11:50:23.018 | tput: No value for $TERM and no -T specified
2020-04-16 11:50:23.018 | +functions-common:run_phase:1782           [[ override_defaults == \o\v\e\r\r\i\d\e\_\d\e\f\a\u\l\t\s ]]
2020-04-16 11:50:23.020 | tput: No value for $TERM and no -T specified
2020-04-16 11:50:23.025 | tput: No value for $TERM and no -T specified
2020-04-16 11:50:23.026 | +functions-common:run_phase:1783           plugin_override_defaults
2020-04-16 11:50:23.028 | tput: No value for $TERM and no -T specified
2020-04-16 11:50:23.032 | tput: No value for $TERM and no -T specified
2020-04-16 11:50:23.033 | +functions-common:plugin_override_defaults:1717  local plugins=
2020-04-16 11:50:23.034 | tput: No value for $TERM and no -T specified
2020-04-16 11:50:23.038 | tput: No value for $TERM and no -T specified
2020-04-16 11:50:23.038 | +functions-common:plugin_override_defaults:1718  local plugin
2020-04-16 11:50:23.040 | tput: No value for $TERM and no -T specified
2020-04-16 11:50:23.046 | tput: No value for $TERM and no -T specified
2020-04-16 11:50:23.047 | +functions-common:plugin_override_defaults:1721  [[ -z '' ]]
2020-04-16 11:50:23.049 | tput: No value for $TERM and no -T specified
2020-04-16 11:50:23.053 | tput: No value for $TERM and no -T specified
2020-04-16 11:50:23.053 | +functions-common:plugin_override_defaults:1722  return
2020-04-16 11:50:23.055 | tput: No value for $TERM and no -T specified
2020-04-16 11:50:23.060 | tput: No value for $TERM and no -T specified
2020-04-16 11:50:23.060 | +./stack.sh:main:609                       source /opt/stack/devstack/lib/apache
2020-04-16 11:50:23.064 | tput: No value for $TERM and no -T specified
2020-04-16 11:50:23.065 | tput: No value for $TERM and no -T specified
2020-04-16 11:50:23.070 | tput: No value for $TERM and no -T specified
2020-04-16 11:50:23.071 | tput: No value for $TERM and no -T specified
2020-04-16 11:50:23.077 | tput: No value for $TERM and no -T specified
2020-04-16 11:50:23.082 | tput: No value for $TERM and no -T specified
2020-04-16 11:50:23.085 | tput: No value for $TERM and no -T specified
2020-04-16 11:50:23.090 | tput: No value for $TERM and no -T specified
2020-04-16 11:50:23.099 | tput: No value for $TERM and no -T specified
2020-04-16 11:50:23.104 | tput: No value for $TERM and no -T specified
2020-04-16 11:50:23.104 | +./stack.sh:main:612                       source /opt/stack/devstack/lib/tls
2020-04-16 11:50:23.107 | tput: No value for $TERM and no -T specified
2020-04-16 11:50:23.113 | tput: No value for $TERM and no -T specified
2020-04-16 11:50:23.114 | ++lib/tls:source:38                         is_service_enabled tls-proxy
2020-04-16 11:50:23.116 | tput: No value for $TERM and no -T specified
2020-04-16 11:50:23.123 | tput: No value for $TERM and no -T specified
2020-04-16 11:50:23.128 | tput: No value for $TERM and no -T specified
2020-04-16 11:50:23.129 | tput: No value for $TERM and no -T specified
2020-04-16 11:50:23.134 | tput: No value for $TERM and no -T specified
2020-04-16 11:50:23.135 | tput: No value for $TERM and no -T specified
2020-04-16 11:50:23.140 | tput: No value for $TERM and no -T specified
2020-04-16 11:50:23.144 | tput: No value for $TERM and no -T specified
2020-04-16 11:50:23.146 | tput: No value for $TERM and no -T specified
2020-04-16 11:50:23.151 | tput: No value for $TERM and no -T specified
2020-04-16 11:50:23.153 | tput: No value for $TERM and no -T specified
2020-04-16 11:50:23.158 | tput: No value for $TERM and no -T specified
2020-04-16 11:50:23.158 | ++functions-common:is_service_enabled:1986  return 1
2020-04-16 11:50:23.161 | tput: No value for $TERM and no -T specified
2020-04-16 11:50:23.166 | tput: No value for $TERM and no -T specified
2020-04-16 11:50:23.167 | +++lib/tls:source:43                         hostname -f
2020-04-16 11:50:23.171 | tput: No value for $TERM and no -T specified
2020-04-16 11:50:23.176 | tput: No value for $TERM and no -T specified
2020-04-16 11:50:23.177 | ++lib/tls:source:43                         DEVSTACK_HOSTNAME=localhost
2020-04-16 11:50:23.179 | tput: No value for $TERM and no -T specified
2020-04-16 11:50:23.185 | tput: No value for $TERM and no -T specified
2020-04-16 11:50:23.185 | ++lib/tls:source:44                         DEVSTACK_CERT_NAME=devstack-cert
2020-04-16 11:50:23.187 | tput: No value for $TERM and no -T specified
2020-04-16 11:50:23.192 | tput: No value for $TERM and no -T specified
2020-04-16 11:50:23.192 | ++lib/tls:source:45                         DEVSTACK_CERT=/opt/stack/data/devstack-cert.pem
2020-04-16 11:50:23.195 | tput: No value for $TERM and no -T specified
2020-04-16 11:50:23.200 | tput: No value for $TERM and no -T specified
2020-04-16 11:50:23.200 | ++lib/tls:source:48                         ROOT_CA_DIR=/opt/stack/data/CA/root-ca
2020-04-16 11:50:23.202 | tput: No value for $TERM and no -T specified
2020-04-16 11:50:23.206 | tput: No value for $TERM and no -T specified
2020-04-16 11:50:23.207 | ++lib/tls:source:49                         INT_CA_DIR=/opt/stack/data/CA/int-ca
2020-04-16 11:50:23.209 | tput: No value for $TERM and no -T specified
2020-04-16 11:50:23.214 | tput: No value for $TERM and no -T specified
2020-04-16 11:50:23.214 | ++lib/tls:source:51                         ORG_NAME=OpenStack
2020-04-16 11:50:23.216 | tput: No value for $TERM and no -T specified
2020-04-16 11:50:23.222 | tput: No value for $TERM and no -T specified
2020-04-16 11:50:23.222 | ++lib/tls:source:52                         ORG_UNIT_NAME=DevStack
2020-04-16 11:50:23.225 | tput: No value for $TERM and no -T specified
2020-04-16 11:50:23.230 | tput: No value for $TERM and no -T specified
2020-04-16 11:50:23.231 | ++lib/tls:source:55                         STUD_PROTO=--tls
2020-04-16 11:50:23.233 | tput: No value for $TERM and no -T specified
2020-04-16 11:50:23.240 | tput: No value for $TERM and no -T specified
2020-04-16 11:50:23.241 | ++lib/tls:source:56                         STUD_CIPHERS='TLSv1+HIGH:!DES:!aNULL:!eNULL:@STRENGTH'
2020-04-16 11:50:23.243 | tput: No value for $TERM and no -T specified
2020-04-16 11:50:23.249 | tput: No value for $TERM and no -T specified
2020-04-16 11:50:23.250 | ++lib/tls:source:63                         OPENSSL=/usr/bin/openssl
2020-04-16 11:50:23.255 | tput: No value for $TERM and no -T specified
2020-04-16 11:50:23.260 | tput: No value for $TERM and no -T specified
2020-04-16 11:50:23.261 | +./stack.sh:main:615                       source /opt/stack/devstack/lib/infra
2020-04-16 11:50:23.265 | tput: No value for $TERM and no -T specified
2020-04-16 11:50:23.265 | tput: No value for $TERM and no -T specified
2020-04-16 11:50:23.270 | tput: No value for $TERM and no -T specified
2020-04-16 11:50:23.271 | tput: No value for $TERM and no -T specified
2020-04-16 11:50:23.276 | tput: No value for $TERM and no -T specified
2020-04-16 11:50:23.280 | tput: No value for $TERM and no -T specified
2020-04-16 11:50:23.283 | tput: No value for $TERM and no -T specified
2020-04-16 11:50:23.287 | tput: No value for $TERM and no -T specified
2020-04-16 11:50:23.289 | tput: No value for $TERM and no -T specified
2020-04-16 11:50:23.294 | tput: No value for $TERM and no -T specified
2020-04-16 11:50:23.295 | +./stack.sh:main:616                       source /opt/stack/devstack/lib/libraries
2020-04-16 11:50:23.298 | tput: No value for $TERM and no -T specified
2020-04-16 11:50:23.298 | tput: No value for $TERM and no -T specified
2020-04-16 11:50:23.304 | tput: No value for $TERM and no -T specified
2020-04-16 11:50:23.305 | tput: No value for $TERM and no -T specified
2020-04-16 11:50:23.309 | tput: No value for $TERM and no -T specified
2020-04-16 11:50:23.314 | tput: No value for $TERM and no -T specified
2020-04-16 11:50:23.317 | tput: No value for $TERM and no -T specified
2020-04-16 11:50:23.322 | tput: No value for $TERM and no -T specified
2020-04-16 11:50:23.333 | tput: No value for $TERM and no -T specified
2020-04-16 11:50:23.338 | tput: No value for $TERM and no -T specified
2020-04-16 11:50:23.338 | +./stack.sh:main:617                       source /opt/stack/devstack/lib/lvm
2020-04-16 11:50:23.342 | tput: No value for $TERM and no -T specified
2020-04-16 11:50:23.342 | tput: No value for $TERM and no -T specified
2020-04-16 11:50:23.347 | tput: No value for $TERM and no -T specified
2020-04-16 11:50:23.349 | tput: No value for $TERM and no -T specified
2020-04-16 11:50:23.353 | tput: No value for $TERM and no -T specified
2020-04-16 11:50:23.358 | tput: No value for $TERM and no -T specified
2020-04-16 11:50:23.360 | tput: No value for $TERM and no -T specified
2020-04-16 11:50:23.367 | tput: No value for $TERM and no -T specified
2020-04-16 11:50:23.372 | tput: No value for $TERM and no -T specified
2020-04-16 11:50:23.378 | tput: No value for $TERM and no -T specified
2020-04-16 11:50:23.379 | +./stack.sh:main:618                       source /opt/stack/devstack/lib/horizon
2020-04-16 11:50:23.383 | tput: No value for $TERM and no -T specified
2020-04-16 11:50:23.384 | tput: No value for $TERM and no -T specified
2020-04-16 11:50:23.387 | tput: No value for $TERM and no -T specified
2020-04-16 11:50:23.389 | tput: No value for $TERM and no -T specified
2020-04-16 11:50:23.394 | tput: No value for $TERM and no -T specified
2020-04-16 11:50:23.399 | tput: No value for $TERM and no -T specified
2020-04-16 11:50:23.401 | tput: No value for $TERM and no -T specified
2020-04-16 11:50:23.406 | tput: No value for $TERM and no -T specified
2020-04-16 11:50:23.409 | tput: No value for $TERM and no -T specified
2020-04-16 11:50:23.413 | tput: No value for $TERM and no -T specified
2020-04-16 11:50:23.414 | +./stack.sh:main:619                       source /opt/stack/devstack/lib/keystone
2020-04-16 11:50:23.417 | tput: No value for $TERM and no -T specified
2020-04-16 11:50:23.418 | tput: No value for $TERM and no -T specified
2020-04-16 11:50:23.423 | tput: No value for $TERM and no -T specified
2020-04-16 11:50:23.424 | tput: No value for $TERM and no -T specified
2020-04-16 11:50:23.429 | tput: No value for $TERM and no -T specified
2020-04-16 11:50:23.433 | tput: No value for $TERM and no -T specified
2020-04-16 11:50:23.435 | tput: No value for $TERM and no -T specified
2020-04-16 11:50:23.441 | tput: No value for $TERM and no -T specified
2020-04-16 11:50:23.463 | tput: No value for $TERM and no -T specified
2020-04-16 11:50:23.469 | tput: No value for $TERM and no -T specified
2020-04-16 11:50:23.469 | +./stack.sh:main:620                       source /opt/stack/devstack/lib/glance
2020-04-16 11:50:23.473 | tput: No value for $TERM and no -T specified
2020-04-16 11:50:23.474 | tput: No value for $TERM and no -T specified
2020-04-16 11:50:23.478 | tput: No value for $TERM and no -T specified
2020-04-16 11:50:23.480 | tput: No value for $TERM and no -T specified
2020-04-16 11:50:23.485 | tput: No value for $TERM and no -T specified
2020-04-16 11:50:23.492 | tput: No value for $TERM and no -T specified
2020-04-16 11:50:23.495 | tput: No value for $TERM and no -T specified
2020-04-16 11:50:23.501 | tput: No value for $TERM and no -T specified
2020-04-16 11:50:23.525 | tput: No value for $TERM and no -T specified
2020-04-16 11:50:23.530 | tput: No value for $TERM and no -T specified
2020-04-16 11:50:23.530 | +./stack.sh:main:621                       source /opt/stack/devstack/lib/nova
2020-04-16 11:50:23.535 | tput: No value for $TERM and no -T specified
2020-04-16 11:50:23.535 | tput: No value for $TERM and no -T specified
2020-04-16 11:50:23.540 | tput: No value for $TERM and no -T specified
2020-04-16 11:50:23.542 | tput: No value for $TERM and no -T specified
2020-04-16 11:50:23.546 | tput: No value for $TERM and no -T specified
2020-04-16 11:50:23.551 | tput: No value for $TERM and no -T specified
2020-04-16 11:50:23.554 | tput: No value for $TERM and no -T specified
2020-04-16 11:50:23.560 | tput: No value for $TERM and no -T specified
2020-04-16 11:50:23.642 | tput: No value for $TERM and no -T specified
2020-04-16 11:50:23.647 | tput: No value for $TERM and no -T specified
2020-04-16 11:50:23.648 | +./stack.sh:main:622                       source /opt/stack/devstack/lib/placement
2020-04-16 11:50:23.652 | tput: No value for $TERM and no -T specified
2020-04-16 11:50:23.652 | tput: No value for $TERM and no -T specified
2020-04-16 11:50:23.659 | tput: No value for $TERM and no -T specified
2020-04-16 11:50:23.660 | tput: No value for $TERM and no -T specified
2020-04-16 11:50:23.664 | tput: No value for $TERM and no -T specified
2020-04-16 11:50:23.668 | tput: No value for $TERM and no -T specified
2020-04-16 11:50:23.670 | tput: No value for $TERM and no -T specified
2020-04-16 11:50:23.676 | tput: No value for $TERM and no -T specified
2020-04-16 11:50:23.691 | tput: No value for $TERM and no -T specified
2020-04-16 11:50:23.697 | tput: No value for $TERM and no -T specified
2020-04-16 11:50:23.697 | +./stack.sh:main:623                       source /opt/stack/devstack/lib/cinder
2020-04-16 11:50:23.701 | tput: No value for $TERM and no -T specified
2020-04-16 11:50:23.702 | tput: No value for $TERM and no -T specified
2020-04-16 11:50:23.706 | tput: No value for $TERM and no -T specified
2020-04-16 11:50:23.708 | tput: No value for $TERM and no -T specified
2020-04-16 11:50:23.713 | tput: No value for $TERM and no -T specified
2020-04-16 11:50:23.718 | tput: No value for $TERM and no -T specified
2020-04-16 11:50:23.721 | tput: No value for $TERM and no -T specified
2020-04-16 11:50:23.727 | tput: No value for $TERM and no -T specified
2020-04-16 11:50:23.763 | tput: No value for $TERM and no -T specified
2020-04-16 11:50:23.769 | tput: No value for $TERM and no -T specified
2020-04-16 11:50:23.769 | +./stack.sh:main:624                       source /opt/stack/devstack/lib/swift
2020-04-16 11:50:23.774 | tput: No value for $TERM and no -T specified
2020-04-16 11:50:23.775 | tput: No value for $TERM and no -T specified
2020-04-16 11:50:23.780 | tput: No value for $TERM and no -T specified
2020-04-16 11:50:23.782 | tput: No value for $TERM and no -T specified
2020-04-16 11:50:23.786 | tput: No value for $TERM and no -T specified
2020-04-16 11:50:23.791 | tput: No value for $TERM and no -T specified
2020-04-16 11:50:23.794 | tput: No value for $TERM and no -T specified
2020-04-16 11:50:23.800 | tput: No value for $TERM and no -T specified
2020-04-16 11:50:23.859 | tput: No value for $TERM and no -T specified
2020-04-16 11:50:23.866 | tput: No value for $TERM and no -T specified
2020-04-16 11:50:23.866 | +./stack.sh:main:625                       source /opt/stack/devstack/lib/neutron
2020-04-16 11:50:23.870 | tput: No value for $TERM and no -T specified
2020-04-16 11:50:23.871 | tput: No value for $TERM and no -T specified
2020-04-16 11:50:23.877 | tput: No value for $TERM and no -T specified
2020-04-16 11:50:23.877 | tput: No value for $TERM and no -T specified
2020-04-16 11:50:23.883 | tput: No value for $TERM and no -T specified
2020-04-16 11:50:23.888 | tput: No value for $TERM and no -T specified
2020-04-16 11:50:23.890 | tput: No value for $TERM and no -T specified
2020-04-16 11:50:23.896 | tput: No value for $TERM and no -T specified
2020-04-16 11:50:23.935 | WARNING: Using lib/neutron-legacy is deprecated, and it will be removed in the future
2020-04-16 11:50:24.056 | tput: No value for $TERM and no -T specified
2020-04-16 11:50:24.062 | tput: No value for $TERM and no -T specified
2020-04-16 11:50:24.062 | +./stack.sh:main:626                       source /opt/stack/devstack/lib/ldap
2020-04-16 11:50:24.066 | tput: No value for $TERM and no -T specified
2020-04-16 11:50:24.066 | tput: No value for $TERM and no -T specified
2020-04-16 11:50:24.072 | tput: No value for $TERM and no -T specified
2020-04-16 11:50:24.073 | tput: No value for $TERM and no -T specified
2020-04-16 11:50:24.078 | tput: No value for $TERM and no -T specified
2020-04-16 11:50:24.084 | tput: No value for $TERM and no -T specified
2020-04-16 11:50:24.086 | tput: No value for $TERM and no -T specified
2020-04-16 11:50:24.092 | tput: No value for $TERM and no -T specified
2020-04-16 11:50:24.096 | tput: No value for $TERM and no -T specified
2020-04-16 11:50:24.101 | tput: No value for $TERM and no -T specified
2020-04-16 11:50:24.101 | +./stack.sh:main:627                       source /opt/stack/devstack/lib/dstat
2020-04-16 11:50:24.105 | tput: No value for $TERM and no -T specified
2020-04-16 11:50:24.106 | tput: No value for $TERM and no -T specified
2020-04-16 11:50:24.112 | tput: No value for $TERM and no -T specified
2020-04-16 11:50:24.114 | tput: No value for $TERM and no -T specified
2020-04-16 11:50:24.119 | tput: No value for $TERM and no -T specified
2020-04-16 11:50:24.126 | tput: No value for $TERM and no -T specified
2020-04-16 11:50:24.129 | tput: No value for $TERM and no -T specified
2020-04-16 11:50:24.136 | tput: No value for $TERM and no -T specified
2020-04-16 11:50:24.140 | tput: No value for $TERM and no -T specified
2020-04-16 11:50:24.146 | tput: No value for $TERM and no -T specified
2020-04-16 11:50:24.146 | +./stack.sh:main:628                       source /opt/stack/devstack/lib/tcpdump
2020-04-16 11:50:24.150 | tput: No value for $TERM and no -T specified
2020-04-16 11:50:24.151 | tput: No value for $TERM and no -T specified
2020-04-16 11:50:24.157 | tput: No value for $TERM and no -T specified
2020-04-16 11:50:24.159 | tput: No value for $TERM and no -T specified
2020-04-16 11:50:24.164 | tput: No value for $TERM and no -T specified
2020-04-16 11:50:24.168 | tput: No value for $TERM and no -T specified
2020-04-16 11:50:24.170 | tput: No value for $TERM and no -T specified
2020-04-16 11:50:24.175 | tput: No value for $TERM and no -T specified
2020-04-16 11:50:24.178 | tput: No value for $TERM and no -T specified
2020-04-16 11:50:24.182 | tput: No value for $TERM and no -T specified
2020-04-16 11:50:24.182 | +./stack.sh:main:629                       source /opt/stack/devstack/lib/etcd3
2020-04-16 11:50:24.186 | tput: No value for $TERM and no -T specified
2020-04-16 11:50:24.186 | tput: No value for $TERM and no -T specified
2020-04-16 11:50:24.192 | tput: No value for $TERM and no -T specified
2020-04-16 11:50:24.193 | tput: No value for $TERM and no -T specified
2020-04-16 11:50:24.197 | tput: No value for $TERM and no -T specified
2020-04-16 11:50:24.201 | tput: No value for $TERM and no -T specified
2020-04-16 11:50:24.204 | tput: No value for $TERM and no -T specified
2020-04-16 11:50:24.208 | tput: No value for $TERM and no -T specified
2020-04-16 11:50:24.310 | tput: No value for $TERM and no -T specified
2020-04-16 11:50:24.317 | tput: No value for $TERM and no -T specified
2020-04-16 11:50:24.318 | +./stack.sh:main:635                       run_phase source
2020-04-16 11:50:24.320 | tput: No value for $TERM and no -T specified
2020-04-16 11:50:24.325 | tput: No value for $TERM and no -T specified
2020-04-16 11:50:24.326 | +functions-common:run_phase:1758           local mode=source
2020-04-16 11:50:24.328 | tput: No value for $TERM and no -T specified
2020-04-16 11:50:24.334 | tput: No value for $TERM and no -T specified
2020-04-16 11:50:24.334 | +functions-common:run_phase:1759           local phase=
2020-04-16 11:50:24.336 | tput: No value for $TERM and no -T specified
2020-04-16 11:50:24.341 | tput: No value for $TERM and no -T specified
2020-04-16 11:50:24.341 | +functions-common:run_phase:1760           [[ -d /opt/stack/devstack/extras.d ]]
2020-04-16 11:50:24.343 | tput: No value for $TERM and no -T specified
2020-04-16 11:50:24.349 | tput: No value for $TERM and no -T specified
2020-04-16 11:50:24.350 | +functions-common:run_phase:1761           local extra_plugin_file_name
2020-04-16 11:50:24.352 | tput: No value for $TERM and no -T specified
2020-04-16 11:50:24.357 | tput: No value for $TERM and no -T specified
2020-04-16 11:50:24.358 | +functions-common:run_phase:1762           for extra_plugin_file_name in $TOP_DIR/extras.d/*.sh
2020-04-16 11:50:24.359 | tput: No value for $TERM and no -T specified
2020-04-16 11:50:24.366 | tput: No value for $TERM and no -T specified
2020-04-16 11:50:24.367 | +functions-common:run_phase:1767           local exceptions=80-tempest.sh
2020-04-16 11:50:24.370 | tput: No value for $TERM and no -T specified
2020-04-16 11:50:24.376 | tput: No value for $TERM and no -T specified
2020-04-16 11:50:24.376 | +functions-common:run_phase:1768           local extra
2020-04-16 11:50:24.379 | tput: No value for $TERM and no -T specified
2020-04-16 11:50:24.388 | tput: No value for $TERM and no -T specified
2020-04-16 11:50:24.390 | ++functions-common:run_phase:1769           basename /opt/stack/devstack/extras.d/80-tempest.sh
2020-04-16 11:50:24.393 | tput: No value for $TERM and no -T specified
2020-04-16 11:50:24.399 | tput: No value for $TERM and no -T specified
2020-04-16 11:50:24.400 | +functions-common:run_phase:1769           extra=80-tempest.sh
2020-04-16 11:50:24.401 | tput: No value for $TERM and no -T specified
2020-04-16 11:50:24.407 | tput: No value for $TERM and no -T specified
2020-04-16 11:50:24.408 | +functions-common:run_phase:1770           [[ 80-tempest.sh =~ 80-tempest\.sh ]]
2020-04-16 11:50:24.409 | tput: No value for $TERM and no -T specified
2020-04-16 11:50:24.415 | tput: No value for $TERM and no -T specified
2020-04-16 11:50:24.416 | +functions-common:run_phase:1774           [[ -r /opt/stack/devstack/extras.d/80-tempest.sh ]]
2020-04-16 11:50:24.417 | tput: No value for $TERM and no -T specified
2020-04-16 11:50:24.422 | tput: No value for $TERM and no -T specified
2020-04-16 11:50:24.423 | +functions-common:run_phase:1774           source /opt/stack/devstack/extras.d/80-tempest.sh source
2020-04-16 11:50:24.425 | tput: No value for $TERM and no -T specified
2020-04-16 11:50:24.432 | tput: No value for $TERM and no -T specified
2020-04-16 11:50:24.434 | ++extras.d/80-tempest.sh:source:3           is_service_enabled tempest
2020-04-16 11:50:24.436 | tput: No value for $TERM and no -T specified
2020-04-16 11:50:24.444 | tput: No value for $TERM and no -T specified
2020-04-16 11:50:24.448 | tput: No value for $TERM and no -T specified
2020-04-16 11:50:24.449 | tput: No value for $TERM and no -T specified
2020-04-16 11:50:24.455 | tput: No value for $TERM and no -T specified
2020-04-16 11:50:24.456 | tput: No value for $TERM and no -T specified
2020-04-16 11:50:24.462 | tput: No value for $TERM and no -T specified
2020-04-16 11:50:24.468 | tput: No value for $TERM and no -T specified
2020-04-16 11:50:24.470 | tput: No value for $TERM and no -T specified
2020-04-16 11:50:24.476 | tput: No value for $TERM and no -T specified
2020-04-16 11:50:24.480 | tput: No value for $TERM and no -T specified
2020-04-16 11:50:24.487 | tput: No value for $TERM and no -T specified
2020-04-16 11:50:24.489 | ++functions-common:is_service_enabled:1986  return 0
2020-04-16 11:50:24.491 | tput: No value for $TERM and no -T specified
2020-04-16 11:50:24.499 | tput: No value for $TERM and no -T specified
2020-04-16 11:50:24.501 | ++extras.d/80-tempest.sh:source:4           [[ source == \s\o\u\r\c\e ]]
2020-04-16 11:50:24.503 | tput: No value for $TERM and no -T specified
2020-04-16 11:50:24.511 | tput: No value for $TERM and no -T specified
