2020-04-16 16:48:14.681 | tput: No value for $TERM and no -T specified
2020-04-16 16:48:14.681 | tput: No value for $TERM and no -T specified
2020-04-16 16:48:14.681 | +./stack.sh:main:499                       exec
2020-04-16 16:48:14.681 | tput: No value for $TERM and no -T specified
2020-04-16 16:48:14.681 | tput: No value for $TERM and no -T specified
2020-04-16 16:48:14.681 | tput: No value for $TERM and no -T specified
2020-04-16 16:48:14.681 | +./stack.sh:main:507                       echo_summary 'stack.sh log /tmp/devstack_logs/devstacklog.txt.2020-04-16-164814'
2020-04-16 16:48:14.681 | tput: No value for $TERM and no -T specified
2020-04-16 16:48:14.681 | tput: No value for $TERM and no -T specified
2020-04-16 16:48:14.681 | ++./stack.sh:main:499                       /usr/bin/python3.6 /opt/stack/devstack/tools/outfilter.py -o /tmp/devstack_logs/devstacklog.txt.2020-04-16-164814.summary.2020-04-16-164814
2020-04-16 16:48:14.682 | tput: No value for $TERM and no -T specified
2020-04-16 16:48:14.682 | +./stack.sh:echo_summary:452               [[ -t 3 ]]
2020-04-16 16:48:14.682 | tput: No value for $TERM and no -T specified
2020-04-16 16:48:14.682 | tput: No value for $TERM and no -T specified
2020-04-16 16:48:14.682 | +./stack.sh:echo_summary:458               echo -e stack.sh log /tmp/devstack_logs/devstacklog.txt.2020-04-16-164814
2020-04-16 16:48:14.682 | tput: No value for $TERM and no -T specified
2020-04-16 16:48:14.682 | tput: No value for $TERM and no -T specified
2020-04-16 16:48:14.682 | +./stack.sh:main:509                       ln -sf /tmp/devstack_logs/devstacklog.txt.2020-04-16-164814 /tmp/devstack_logs/devstacklog.txt
2020-04-16 16:48:14.682 | tput: No value for $TERM and no -T specified
2020-04-16 16:48:14.682 | tput: No value for $TERM and no -T specified
2020-04-16 16:48:14.682 | +./stack.sh:main:510                       ln -sf /tmp/devstack_logs/devstacklog.txt.2020-04-16-164814.summary.2020-04-16-164814 /tmp/devstack_logs/devstacklog.txt.summary
2020-04-16 16:48:14.682 | tput: No value for $TERM and no -T specified
2020-04-16 16:48:14.682 | tput: No value for $TERM and no -T specified
2020-04-16 16:48:14.682 | +./stack.sh:main:525                       check_path_perm_sanity /opt/stack
2020-04-16 16:48:14.682 | tput: No value for $TERM and no -T specified
2020-04-16 16:48:14.682 | tput: No value for $TERM and no -T specified
2020-04-16 16:48:14.682 | +functions:check_path_perm_sanity:567      local real_path
2020-04-16 16:48:14.682 | tput: No value for $TERM and no -T specified
2020-04-16 16:48:14.682 | tput: No value for $TERM and no -T specified
2020-04-16 16:48:14.683 | ++functions:check_path_perm_sanity:568      readlink -f /opt/stack
2020-04-16 16:48:14.684 | tput: No value for $TERM and no -T specified
2020-04-16 16:48:14.689 | tput: No value for $TERM and no -T specified
2020-04-16 16:48:14.689 | +functions:check_path_perm_sanity:568      real_path=/opt/stack
2020-04-16 16:48:14.690 | tput: No value for $TERM and no -T specified
2020-04-16 16:48:14.693 | tput: No value for $TERM and no -T specified
2020-04-16 16:48:14.693 | +functions:check_path_perm_sanity:569      local rebuilt_path=
2020-04-16 16:48:14.696 | tput: No value for $TERM and no -T specified
2020-04-16 16:48:14.696 | tput: No value for $TERM and no -T specified
2020-04-16 16:48:14.700 | tput: No value for $TERM and no -T specified
2020-04-16 16:48:14.702 | ++functions:check_path_perm_sanity:570      tr / ' '
2020-04-16 16:48:14.702 | tput: No value for $TERM and no -T specified
2020-04-16 16:48:14.703 | ++functions:check_path_perm_sanity:570      echo /opt/stack
2020-04-16 16:48:14.705 | tput: No value for $TERM and no -T specified
2020-04-16 16:48:14.709 | tput: No value for $TERM and no -T specified
2020-04-16 16:48:14.709 | +functions:check_path_perm_sanity:570      for i in $(echo ${real_path} | tr "/" " ")
2020-04-16 16:48:14.711 | tput: No value for $TERM and no -T specified
2020-04-16 16:48:14.714 | tput: No value for $TERM and no -T specified
2020-04-16 16:48:14.714 | +functions:check_path_perm_sanity:571      rebuilt_path=/opt
2020-04-16 16:48:14.717 | tput: No value for $TERM and no -T specified
2020-04-16 16:48:14.723 | tput: No value for $TERM and no -T specified
2020-04-16 16:48:14.724 | ++functions:check_path_perm_sanity:573      stat -c %a /opt
2020-04-16 16:48:14.727 | tput: No value for $TERM and no -T specified
2020-04-16 16:48:14.731 | tput: No value for $TERM and no -T specified
2020-04-16 16:48:14.731 | +functions:check_path_perm_sanity:573      [[ 755 = 700 ]]
2020-04-16 16:48:14.733 | tput: No value for $TERM and no -T specified
2020-04-16 16:48:14.738 | tput: No value for $TERM and no -T specified
2020-04-16 16:48:14.738 | +functions:check_path_perm_sanity:570      for i in $(echo ${real_path} | tr "/" " ")
2020-04-16 16:48:14.740 | tput: No value for $TERM and no -T specified
2020-04-16 16:48:14.745 | tput: No value for $TERM and no -T specified
2020-04-16 16:48:14.745 | +functions:check_path_perm_sanity:571      rebuilt_path=/opt/stack
2020-04-16 16:48:14.748 | tput: No value for $TERM and no -T specified
2020-04-16 16:48:14.754 | tput: No value for $TERM and no -T specified
2020-04-16 16:48:14.755 | ++functions:check_path_perm_sanity:573      stat -c %a /opt/stack
2020-04-16 16:48:14.758 | tput: No value for $TERM and no -T specified
2020-04-16 16:48:14.763 | tput: No value for $TERM and no -T specified
2020-04-16 16:48:14.764 | +functions:check_path_perm_sanity:573      [[ 777 = 700 ]]
2020-04-16 16:48:14.766 | tput: No value for $TERM and no -T specified
2020-04-16 16:48:14.772 | tput: No value for $TERM and no -T specified
2020-04-16 16:48:14.772 | +./stack.sh:main:531                       trap exit_trap EXIT
2020-04-16 16:48:14.775 | tput: No value for $TERM and no -T specified
2020-04-16 16:48:14.779 | tput: No value for $TERM and no -T specified
2020-04-16 16:48:14.780 | +./stack.sh:main:572                       trap err_trap ERR
2020-04-16 16:48:14.782 | tput: No value for $TERM and no -T specified
2020-04-16 16:48:14.787 | tput: No value for $TERM and no -T specified
2020-04-16 16:48:14.787 | +./stack.sh:main:585                       set -o errexit
2020-04-16 16:48:14.789 | tput: No value for $TERM and no -T specified
2020-04-16 16:48:14.794 | tput: No value for $TERM and no -T specified
2020-04-16 16:48:14.794 | +./stack.sh:main:588                       uname -a
2020-04-16 16:48:14.796 | Linux cloud-provider-iscsi-0000000300 4.15.0-96-generic #97-Ubuntu SMP Wed Apr 1 03:25:46 UTC 2020 x86_64 x86_64 x86_64 GNU/Linux
2020-04-16 16:48:14.798 | tput: No value for $TERM and no -T specified
2020-04-16 16:48:14.803 | tput: No value for $TERM and no -T specified
2020-04-16 16:48:14.804 | +./stack.sh:main:591                       SSL_BUNDLE_FILE=/opt/stack/data/ca-bundle.pem
2020-04-16 16:48:14.806 | tput: No value for $TERM and no -T specified
2020-04-16 16:48:14.811 | tput: No value for $TERM and no -T specified
2020-04-16 16:48:14.811 | +./stack.sh:main:592                       rm -f /opt/stack/data/ca-bundle.pem
2020-04-16 16:48:14.814 | tput: No value for $TERM and no -T specified
2020-04-16 16:48:14.818 | tput: No value for $TERM and no -T specified
2020-04-16 16:48:14.819 | +./stack.sh:main:595                       source /opt/stack/devstack/lib/database
2020-04-16 16:48:14.822 | tput: No value for $TERM and no -T specified
2020-04-16 16:48:14.824 | tput: No value for $TERM and no -T specified
2020-04-16 16:48:14.827 | tput: No value for $TERM and no -T specified
2020-04-16 16:48:14.831 | tput: No value for $TERM and no -T specified
2020-04-16 16:48:14.835 | tput: No value for $TERM and no -T specified
2020-04-16 16:48:14.840 | tput: No value for $TERM and no -T specified
2020-04-16 16:48:14.842 | tput: No value for $TERM and no -T specified
2020-04-16 16:48:14.848 | tput: No value for $TERM and no -T specified
2020-04-16 16:48:14.871 | tput: No value for $TERM and no -T specified
2020-04-16 16:48:14.876 | tput: No value for $TERM and no -T specified
2020-04-16 16:48:14.877 | +./stack.sh:main:596                       source /opt/stack/devstack/lib/rpc_backend
2020-04-16 16:48:14.881 | tput: No value for $TERM and no -T specified
2020-04-16 16:48:14.881 | tput: No value for $TERM and no -T specified
2020-04-16 16:48:14.887 | tput: No value for $TERM and no -T specified
2020-04-16 16:48:14.887 | tput: No value for $TERM and no -T specified
2020-04-16 16:48:14.892 | tput: No value for $TERM and no -T specified
2020-04-16 16:48:14.899 | tput: No value for $TERM and no -T specified
2020-04-16 16:48:14.902 | tput: No value for $TERM and no -T specified
2020-04-16 16:48:14.907 | tput: No value for $TERM and no -T specified
2020-04-16 16:48:14.915 | tput: No value for $TERM and no -T specified
2020-04-16 16:48:14.921 | tput: No value for $TERM and no -T specified
2020-04-16 16:48:14.921 | +./stack.sh:main:602                       fetch_plugins
2020-04-16 16:48:14.923 | tput: No value for $TERM and no -T specified
2020-04-16 16:48:14.929 | tput: No value for $TERM and no -T specified
2020-04-16 16:48:14.929 | +functions-common:fetch_plugins:1676       local plugins=
2020-04-16 16:48:14.932 | tput: No value for $TERM and no -T specified
2020-04-16 16:48:14.937 | tput: No value for $TERM and no -T specified
2020-04-16 16:48:14.938 | +functions-common:fetch_plugins:1677       local plugin
2020-04-16 16:48:14.940 | tput: No value for $TERM and no -T specified
2020-04-16 16:48:14.945 | tput: No value for $TERM and no -T specified
2020-04-16 16:48:14.945 | +functions-common:fetch_plugins:1680       [[ -z '' ]]
2020-04-16 16:48:14.947 | tput: No value for $TERM and no -T specified
2020-04-16 16:48:14.953 | tput: No value for $TERM and no -T specified
2020-04-16 16:48:14.953 | +functions-common:fetch_plugins:1681       return
2020-04-16 16:48:14.955 | tput: No value for $TERM and no -T specified
2020-04-16 16:48:14.960 | tput: No value for $TERM and no -T specified
2020-04-16 16:48:14.960 | +./stack.sh:main:606                       run_phase override_defaults
2020-04-16 16:48:14.962 | tput: No value for $TERM and no -T specified
2020-04-16 16:48:14.967 | tput: No value for $TERM and no -T specified
2020-04-16 16:48:14.967 | +functions-common:run_phase:1758           local mode=override_defaults
2020-04-16 16:48:14.969 | tput: No value for $TERM and no -T specified
2020-04-16 16:48:14.974 | tput: No value for $TERM and no -T specified
2020-04-16 16:48:14.974 | +functions-common:run_phase:1759           local phase=
2020-04-16 16:48:14.976 | tput: No value for $TERM and no -T specified
2020-04-16 16:48:14.981 | tput: No value for $TERM and no -T specified
2020-04-16 16:48:14.981 | +functions-common:run_phase:1760           [[ -d /opt/stack/devstack/extras.d ]]
2020-04-16 16:48:14.983 | tput: No value for $TERM and no -T specified
2020-04-16 16:48:14.989 | tput: No value for $TERM and no -T specified
2020-04-16 16:48:14.989 | +functions-common:run_phase:1761           local extra_plugin_file_name
2020-04-16 16:48:14.992 | tput: No value for $TERM and no -T specified
2020-04-16 16:48:14.998 | tput: No value for $TERM and no -T specified
2020-04-16 16:48:14.999 | +functions-common:run_phase:1762           for extra_plugin_file_name in $TOP_DIR/extras.d/*.sh
2020-04-16 16:48:15.000 | tput: No value for $TERM and no -T specified
2020-04-16 16:48:15.006 | tput: No value for $TERM and no -T specified
2020-04-16 16:48:15.006 | +functions-common:run_phase:1767           local exceptions=80-tempest.sh
2020-04-16 16:48:15.008 | tput: No value for $TERM and no -T specified
2020-04-16 16:48:15.013 | tput: No value for $TERM and no -T specified
2020-04-16 16:48:15.013 | +functions-common:run_phase:1768           local extra
2020-04-16 16:48:15.017 | tput: No value for $TERM and no -T specified
2020-04-16 16:48:15.023 | tput: No value for $TERM and no -T specified
2020-04-16 16:48:15.024 | ++functions-common:run_phase:1769           basename /opt/stack/devstack/extras.d/80-tempest.sh
2020-04-16 16:48:15.028 | tput: No value for $TERM and no -T specified
2020-04-16 16:48:15.033 | tput: No value for $TERM and no -T specified
2020-04-16 16:48:15.034 | +functions-common:run_phase:1769           extra=80-tempest.sh
2020-04-16 16:48:15.036 | tput: No value for $TERM and no -T specified
2020-04-16 16:48:15.041 | tput: No value for $TERM and no -T specified
2020-04-16 16:48:15.041 | +functions-common:run_phase:1770           [[ 80-tempest.sh =~ 80-tempest\.sh ]]
2020-04-16 16:48:15.043 | tput: No value for $TERM and no -T specified
2020-04-16 16:48:15.048 | tput: No value for $TERM and no -T specified
2020-04-16 16:48:15.049 | +functions-common:run_phase:1774           [[ -r /opt/stack/devstack/extras.d/80-tempest.sh ]]
2020-04-16 16:48:15.052 | tput: No value for $TERM and no -T specified
2020-04-16 16:48:15.058 | tput: No value for $TERM and no -T specified
2020-04-16 16:48:15.058 | +functions-common:run_phase:1774           source /opt/stack/devstack/extras.d/80-tempest.sh override_defaults
2020-04-16 16:48:15.060 | tput: No value for $TERM and no -T specified
2020-04-16 16:48:15.066 | tput: No value for $TERM and no -T specified
2020-04-16 16:48:15.067 | ++extras.d/80-tempest.sh:source:3           is_service_enabled tempest
2020-04-16 16:48:15.069 | tput: No value for $TERM and no -T specified
2020-04-16 16:48:15.075 | tput: No value for $TERM and no -T specified
2020-04-16 16:48:15.079 | tput: No value for $TERM and no -T specified
2020-04-16 16:48:15.081 | tput: No value for $TERM and no -T specified
2020-04-16 16:48:15.086 | tput: No value for $TERM and no -T specified
2020-04-16 16:48:15.087 | tput: No value for $TERM and no -T specified
2020-04-16 16:48:15.093 | tput: No value for $TERM and no -T specified
2020-04-16 16:48:15.098 | tput: No value for $TERM and no -T specified
2020-04-16 16:48:15.101 | tput: No value for $TERM and no -T specified
2020-04-16 16:48:15.107 | tput: No value for $TERM and no -T specified
2020-04-16 16:48:15.110 | tput: No value for $TERM and no -T specified
2020-04-16 16:48:15.116 | tput: No value for $TERM and no -T specified
2020-04-16 16:48:15.117 | ++functions-common:is_service_enabled:1986  return 0
2020-04-16 16:48:15.120 | tput: No value for $TERM and no -T specified
2020-04-16 16:48:15.126 | tput: No value for $TERM and no -T specified
2020-04-16 16:48:15.126 | ++extras.d/80-tempest.sh:source:4           [[ override_defaults == \s\o\u\r\c\e ]]
2020-04-16 16:48:15.129 | tput: No value for $TERM and no -T specified
2020-04-16 16:48:15.135 | tput: No value for $TERM and no -T specified
2020-04-16 16:48:15.136 | ++extras.d/80-tempest.sh:source:7           [[ override_defaults == \s\t\a\c\k ]]
2020-04-16 16:48:15.139 | tput: No value for $TERM and no -T specified
2020-04-16 16:48:15.146 | tput: No value for $TERM and no -T specified
2020-04-16 16:48:15.147 | ++extras.d/80-tempest.sh:source:10          [[ override_defaults == \s\t\a\c\k ]]
2020-04-16 16:48:15.149 | tput: No value for $TERM and no -T specified
2020-04-16 16:48:15.155 | tput: No value for $TERM and no -T specified
2020-04-16 16:48:15.156 | ++extras.d/80-tempest.sh:source:13          [[ override_defaults == \s\t\a\c\k ]]
2020-04-16 16:48:15.158 | tput: No value for $TERM and no -T specified
2020-04-16 16:48:15.164 | tput: No value for $TERM and no -T specified
2020-04-16 16:48:15.165 | ++extras.d/80-tempest.sh:source:16          [[ override_defaults == \s\t\a\c\k ]]
2020-04-16 16:48:15.168 | tput: No value for $TERM and no -T specified
2020-04-16 16:48:15.174 | tput: No value for $TERM and no -T specified
2020-04-16 16:48:15.174 | ++extras.d/80-tempest.sh:source:19          [[ override_defaults == \s\t\a\c\k ]]
2020-04-16 16:48:15.177 | tput: No value for $TERM and no -T specified
2020-04-16 16:48:15.183 | tput: No value for $TERM and no -T specified
2020-04-16 16:48:15.184 | ++extras.d/80-tempest.sh:source:26          [[ override_defaults == \u\n\s\t\a\c\k ]]
2020-04-16 16:48:15.186 | tput: No value for $TERM and no -T specified
2020-04-16 16:48:15.193 | tput: No value for $TERM and no -T specified
2020-04-16 16:48:15.194 | ++extras.d/80-tempest.sh:source:31          [[ override_defaults == \c\l\e\a\n ]]
2020-04-16 16:48:15.196 | tput: No value for $TERM and no -T specified
2020-04-16 16:48:15.202 | tput: No value for $TERM and no -T specified
2020-04-16 16:48:15.202 | +functions-common:run_phase:1779           [[ override_defaults == \s\o\u\r\c\e ]]
2020-04-16 16:48:15.204 | tput: No value for $TERM and no -T specified
2020-04-16 16:48:15.210 | tput: No value for $TERM and no -T specified
2020-04-16 16:48:15.210 | +functions-common:run_phase:1782           [[ override_defaults == \o\v\e\r\r\i\d\e\_\d\e\f\a\u\l\t\s ]]
2020-04-16 16:48:15.212 | tput: No value for $TERM and no -T specified
2020-04-16 16:48:15.218 | tput: No value for $TERM and no -T specified
2020-04-16 16:48:15.218 | +functions-common:run_phase:1783           plugin_override_defaults
2020-04-16 16:48:15.220 | tput: No value for $TERM and no -T specified
2020-04-16 16:48:15.225 | tput: No value for $TERM and no -T specified
2020-04-16 16:48:15.226 | +functions-common:plugin_override_defaults:1717  local plugins=
2020-04-16 16:48:15.228 | tput: No value for $TERM and no -T specified
2020-04-16 16:48:15.233 | tput: No value for $TERM and no -T specified
2020-04-16 16:48:15.233 | +functions-common:plugin_override_defaults:1718  local plugin
2020-04-16 16:48:15.235 | tput: No value for $TERM and no -T specified
2020-04-16 16:48:15.241 | tput: No value for $TERM and no -T specified
2020-04-16 16:48:15.241 | +functions-common:plugin_override_defaults:1721  [[ -z '' ]]
2020-04-16 16:48:15.243 | tput: No value for $TERM and no -T specified
2020-04-16 16:48:15.249 | tput: No value for $TERM and no -T specified
2020-04-16 16:48:15.249 | +functions-common:plugin_override_defaults:1722  return
2020-04-16 16:48:15.251 | tput: No value for $TERM and no -T specified
2020-04-16 16:48:15.257 | tput: No value for $TERM and no -T specified
2020-04-16 16:48:15.257 | +./stack.sh:main:609                       source /opt/stack/devstack/lib/apache
2020-04-16 16:48:15.262 | tput: No value for $TERM and no -T specified
2020-04-16 16:48:15.263 | tput: No value for $TERM and no -T specified
2020-04-16 16:48:15.270 | tput: No value for $TERM and no -T specified
2020-04-16 16:48:15.272 | tput: No value for $TERM and no -T specified
2020-04-16 16:48:15.277 | tput: No value for $TERM and no -T specified
2020-04-16 16:48:15.283 | tput: No value for $TERM and no -T specified
2020-04-16 16:48:15.286 | tput: No value for $TERM and no -T specified
2020-04-16 16:48:15.294 | tput: No value for $TERM and no -T specified
2020-04-16 16:48:15.305 | tput: No value for $TERM and no -T specified
2020-04-16 16:48:15.310 | tput: No value for $TERM and no -T specified
2020-04-16 16:48:15.311 | +./stack.sh:main:612                       source /opt/stack/devstack/lib/tls
2020-04-16 16:48:15.314 | tput: No value for $TERM and no -T specified
2020-04-16 16:48:15.321 | tput: No value for $TERM and no -T specified
2020-04-16 16:48:15.322 | ++lib/tls:source:38                         is_service_enabled tls-proxy
2020-04-16 16:48:15.324 | tput: No value for $TERM and no -T specified
2020-04-16 16:48:15.332 | tput: No value for $TERM and no -T specified
2020-04-16 16:48:15.337 | tput: tput: No value for $TERM and no -T specifiedNo value for $TERM and no -T specified
2020-04-16 16:48:15.337 | 
2020-04-16 16:48:15.344 | tput: No value for $TERM and no -T specified
2020-04-16 16:48:15.344 | tput: No value for $TERM and no -T specified
2020-04-16 16:48:15.349 | tput: No value for $TERM and no -T specified
2020-04-16 16:48:15.355 | tput: No value for $TERM and no -T specified
2020-04-16 16:48:15.358 | tput: No value for $TERM and no -T specified
2020-04-16 16:48:15.363 | tput: No value for $TERM and no -T specified
2020-04-16 16:48:15.367 | tput: No value for $TERM and no -T specified
2020-04-16 16:48:15.374 | tput: No value for $TERM and no -T specified
2020-04-16 16:48:15.375 | ++functions-common:is_service_enabled:1986  return 1
2020-04-16 16:48:15.378 | tput: No value for $TERM and no -T specified
2020-04-16 16:48:15.386 | tput: No value for $TERM and no -T specified
2020-04-16 16:48:15.387 | +++lib/tls:source:43                         hostname -f
2020-04-16 16:48:15.392 | tput: No value for $TERM and no -T specified
2020-04-16 16:48:15.400 | tput: No value for $TERM and no -T specified
2020-04-16 16:48:15.401 | ++lib/tls:source:43                         DEVSTACK_HOSTNAME=localhost
2020-04-16 16:48:15.404 | tput: No value for $TERM and no -T specified
2020-04-16 16:48:15.410 | tput: No value for $TERM and no -T specified
2020-04-16 16:48:15.411 | ++lib/tls:source:44                         DEVSTACK_CERT_NAME=devstack-cert
2020-04-16 16:48:15.414 | tput: No value for $TERM and no -T specified
2020-04-16 16:48:15.421 | tput: No value for $TERM and no -T specified
2020-04-16 16:48:15.422 | ++lib/tls:source:45                         DEVSTACK_CERT=/opt/stack/data/devstack-cert.pem
2020-04-16 16:48:15.424 | tput: No value for $TERM and no -T specified
2020-04-16 16:48:15.432 | tput: No value for $TERM and no -T specified
2020-04-16 16:48:15.433 | ++lib/tls:source:48                         ROOT_CA_DIR=/opt/stack/data/CA/root-ca
2020-04-16 16:48:15.435 | tput: No value for $TERM and no -T specified
2020-04-16 16:48:15.442 | tput: No value for $TERM and no -T specified
2020-04-16 16:48:15.443 | ++lib/tls:source:49                         INT_CA_DIR=/opt/stack/data/CA/int-ca
2020-04-16 16:48:15.446 | tput: No value for $TERM and no -T specified
2020-04-16 16:48:15.453 | tput: No value for $TERM and no -T specified
2020-04-16 16:48:15.454 | ++lib/tls:source:51                         ORG_NAME=OpenStack
2020-04-16 16:48:15.457 | tput: No value for $TERM and no -T specified
2020-04-16 16:48:15.464 | tput: No value for $TERM and no -T specified
2020-04-16 16:48:15.464 | ++lib/tls:source:52                         ORG_UNIT_NAME=DevStack
2020-04-16 16:48:15.467 | tput: No value for $TERM and no -T specified
2020-04-16 16:48:15.474 | tput: No value for $TERM and no -T specified
2020-04-16 16:48:15.475 | ++lib/tls:source:55                         STUD_PROTO=--tls
2020-04-16 16:48:15.477 | tput: No value for $TERM and no -T specified
2020-04-16 16:48:15.485 | tput: No value for $TERM and no -T specified
2020-04-16 16:48:15.486 | ++lib/tls:source:56                         STUD_CIPHERS='TLSv1+HIGH:!DES:!aNULL:!eNULL:@STRENGTH'
2020-04-16 16:48:15.489 | tput: No value for $TERM and no -T specified
2020-04-16 16:48:15.496 | tput: No value for $TERM and no -T specified
2020-04-16 16:48:15.497 | ++lib/tls:source:63                         OPENSSL=/usr/bin/openssl
2020-04-16 16:48:15.501 | tput: No value for $TERM and no -T specified
2020-04-16 16:48:15.506 | tput: No value for $TERM and no -T specified
2020-04-16 16:48:15.507 | +./stack.sh:main:615                       source /opt/stack/devstack/lib/infra
2020-04-16 16:48:15.510 | tput: No value for $TERM and no -T specified
2020-04-16 16:48:15.511 | tput: No value for $TERM and no -T specified
2020-04-16 16:48:15.515 | tput: No value for $TERM and no -T specified
2020-04-16 16:48:15.516 | tput: No value for $TERM and no -T specified
2020-04-16 16:48:15.522 | tput: No value for $TERM and no -T specified
2020-04-16 16:48:15.527 | tput: No value for $TERM and no -T specified
2020-04-16 16:48:15.530 | tput: No value for $TERM and no -T specified
2020-04-16 16:48:15.536 | tput: No value for $TERM and no -T specified
2020-04-16 16:48:15.540 | tput: No value for $TERM and no -T specified
2020-04-16 16:48:15.546 | tput: No value for $TERM and no -T specified
2020-04-16 16:48:15.547 | +./stack.sh:main:616                       source /opt/stack/devstack/lib/libraries
2020-04-16 16:48:15.551 | tput: No value for $TERM and no -T specified
2020-04-16 16:48:15.551 | tput: No value for $TERM and no -T specified
2020-04-16 16:48:15.557 | tput: No value for $TERM and no -T specified
2020-04-16 16:48:15.558 | tput: No value for $TERM and no -T specified
2020-04-16 16:48:15.563 | tput: No value for $TERM and no -T specified
2020-04-16 16:48:15.568 | tput: No value for $TERM and no -T specified
2020-04-16 16:48:15.571 | tput: No value for $TERM and no -T specified
2020-04-16 16:48:15.576 | tput: No value for $TERM and no -T specified
2020-04-16 16:48:15.588 | tput: No value for $TERM and no -T specified
2020-04-16 16:48:15.594 | tput: No value for $TERM and no -T specified
2020-04-16 16:48:15.594 | +./stack.sh:main:617                       source /opt/stack/devstack/lib/lvm
2020-04-16 16:48:15.598 | tput: No value for $TERM and no -T specified
2020-04-16 16:48:15.599 | tput: No value for $TERM and no -T specified
2020-04-16 16:48:15.605 | tput: No value for $TERM and no -T specified
2020-04-16 16:48:15.605 | tput: No value for $TERM and no -T specified
2020-04-16 16:48:15.610 | tput: No value for $TERM and no -T specified
2020-04-16 16:48:15.616 | tput: No value for $TERM and no -T specified
2020-04-16 16:48:15.618 | tput: No value for $TERM and no -T specified
2020-04-16 16:48:15.623 | tput: No value for $TERM and no -T specified
2020-04-16 16:48:15.627 | tput: No value for $TERM and no -T specified
2020-04-16 16:48:15.632 | tput: No value for $TERM and no -T specified
2020-04-16 16:48:15.633 | +./stack.sh:main:618                       source /opt/stack/devstack/lib/horizon
2020-04-16 16:48:15.636 | tput: No value for $TERM and no -T specified
2020-04-16 16:48:15.637 | tput: No value for $TERM and no -T specified
2020-04-16 16:48:15.643 | tput: No value for $TERM and no -T specified
2020-04-16 16:48:15.645 | tput: No value for $TERM and no -T specified
2020-04-16 16:48:15.652 | tput: No value for $TERM and no -T specified
2020-04-16 16:48:15.658 | tput: No value for $TERM and no -T specified
2020-04-16 16:48:15.661 | tput: No value for $TERM and no -T specified
2020-04-16 16:48:15.666 | tput: No value for $TERM and no -T specified
2020-04-16 16:48:15.670 | tput: No value for $TERM and no -T specified
2020-04-16 16:48:15.675 | tput: No value for $TERM and no -T specified
2020-04-16 16:48:15.675 | +./stack.sh:main:619                       source /opt/stack/devstack/lib/keystone
2020-04-16 16:48:15.679 | tput: No value for $TERM and no -T specified
2020-04-16 16:48:15.680 | tput: No value for $TERM and no -T specified
2020-04-16 16:48:15.686 | tput: No value for $TERM and no -T specified
2020-04-16 16:48:15.688 | tput: No value for $TERM and no -T specified
2020-04-16 16:48:15.694 | tput: No value for $TERM and no -T specified
2020-04-16 16:48:15.699 | tput: No value for $TERM and no -T specified
2020-04-16 16:48:15.702 | tput: No value for $TERM and no -T specified
2020-04-16 16:48:15.708 | tput: No value for $TERM and no -T specified
2020-04-16 16:48:15.730 | tput: No value for $TERM and no -T specified
2020-04-16 16:48:15.737 | tput: No value for $TERM and no -T specified
2020-04-16 16:48:15.737 | +./stack.sh:main:620                       source /opt/stack/devstack/lib/glance
2020-04-16 16:48:15.742 | tput: No value for $TERM and no -T specified
2020-04-16 16:48:15.743 | tput: No value for $TERM and no -T specified
2020-04-16 16:48:15.748 | tput: No value for $TERM and no -T specified
2020-04-16 16:48:15.750 | tput: No value for $TERM and no -T specified
2020-04-16 16:48:15.755 | tput: No value for $TERM and no -T specified
2020-04-16 16:48:15.761 | tput: No value for $TERM and no -T specified
2020-04-16 16:48:15.764 | tput: No value for $TERM and no -T specified
2020-04-16 16:48:15.771 | tput: No value for $TERM and no -T specified
2020-04-16 16:48:15.803 | tput: No value for $TERM and no -T specified
2020-04-16 16:48:15.809 | tput: No value for $TERM and no -T specified
2020-04-16 16:48:15.810 | +./stack.sh:main:621                       source /opt/stack/devstack/lib/nova
2020-04-16 16:48:15.815 | tput: No value for $TERM and no -T specified
2020-04-16 16:48:15.816 | tput: No value for $TERM and no -T specified
2020-04-16 16:48:15.822 | tput: No value for $TERM and no -T specified
2020-04-16 16:48:15.823 | tput: No value for $TERM and no -T specified
2020-04-16 16:48:15.829 | tput: No value for $TERM and no -T specified
2020-04-16 16:48:15.834 | tput: No value for $TERM and no -T specified
2020-04-16 16:48:15.837 | tput: No value for $TERM and no -T specified
2020-04-16 16:48:15.843 | tput: No value for $TERM and no -T specified
2020-04-16 16:48:15.940 | tput: No value for $TERM and no -T specified
2020-04-16 16:48:15.947 | tput: No value for $TERM and no -T specified
2020-04-16 16:48:15.948 | +./stack.sh:main:622                       source /opt/stack/devstack/lib/placement
2020-04-16 16:48:15.953 | tput: No value for $TERM and no -T specified
2020-04-16 16:48:15.954 | tput: No value for $TERM and no -T specified
2020-04-16 16:48:15.959 | tput: No value for $TERM and no -T specified
2020-04-16 16:48:15.961 | tput: No value for $TERM and no -T specified
2020-04-16 16:48:15.966 | tput: No value for $TERM and no -T specified
2020-04-16 16:48:15.973 | tput: No value for $TERM and no -T specified
2020-04-16 16:48:15.976 | tput: No value for $TERM and no -T specified
2020-04-16 16:48:15.982 | tput: No value for $TERM and no -T specified
2020-04-16 16:48:16.001 | tput: No value for $TERM and no -T specified
2020-04-16 16:48:16.007 | tput: No value for $TERM and no -T specified
2020-04-16 16:48:16.008 | +./stack.sh:main:623                       source /opt/stack/devstack/lib/cinder
2020-04-16 16:48:16.012 | tput: No value for $TERM and no -T specified
2020-04-16 16:48:16.012 | tput: No value for $TERM and no -T specified
2020-04-16 16:48:16.019 | tput: No value for $TERM and no -T specified
2020-04-16 16:48:16.020 | tput: No value for $TERM and no -T specified
2020-04-16 16:48:16.026 | tput: No value for $TERM and no -T specified
2020-04-16 16:48:16.032 | tput: No value for $TERM and no -T specified
2020-04-16 16:48:16.035 | tput: No value for $TERM and no -T specified
2020-04-16 16:48:16.042 | tput: No value for $TERM and no -T specified
2020-04-16 16:48:16.079 | tput: No value for $TERM and no -T specified
2020-04-16 16:48:16.086 | tput: No value for $TERM and no -T specified
2020-04-16 16:48:16.086 | +./stack.sh:main:624                       source /opt/stack/devstack/lib/swift
2020-04-16 16:48:16.091 | tput: No value for $TERM and no -T specified
2020-04-16 16:48:16.092 | tput: No value for $TERM and no -T specified
2020-04-16 16:48:16.098 | tput: No value for $TERM and no -T specified
2020-04-16 16:48:16.099 | tput: No value for $TERM and no -T specified
2020-04-16 16:48:16.104 | tput: No value for $TERM and no -T specified
2020-04-16 16:48:16.110 | tput: No value for $TERM and no -T specified
2020-04-16 16:48:16.113 | tput: No value for $TERM and no -T specified
2020-04-16 16:48:16.120 | tput: No value for $TERM and no -T specified
2020-04-16 16:48:16.182 | tput: No value for $TERM and no -T specified
2020-04-16 16:48:16.190 | tput: No value for $TERM and no -T specified
2020-04-16 16:48:16.190 | +./stack.sh:main:625                       source /opt/stack/devstack/lib/neutron
2020-04-16 16:48:16.195 | tput: tput: No value for $TERM and no -T specified
2020-04-16 16:48:16.196 | No value for $TERM and no -T specified
2020-04-16 16:48:16.202 | tput: No value for $TERM and no -T specified
2020-04-16 16:48:16.204 | tput: No value for $TERM and no -T specified
2020-04-16 16:48:16.209 | tput: No value for $TERM and no -T specified
2020-04-16 16:48:16.215 | tput: No value for $TERM and no -T specified
2020-04-16 16:48:16.219 | tput: No value for $TERM and no -T specified
2020-04-16 16:48:16.226 | tput: No value for $TERM and no -T specified
2020-04-16 16:48:16.281 | WARNING: Using lib/neutron-legacy is deprecated, and it will be removed in the future
2020-04-16 16:48:16.530 | tput: No value for $TERM and no -T specified
2020-04-16 16:48:16.538 | tput: No value for $TERM and no -T specified
2020-04-16 16:48:16.538 | +./stack.sh:main:626                       source /opt/stack/devstack/lib/ldap
2020-04-16 16:48:16.542 | tput: No value for $TERM and no -T specified
2020-04-16 16:48:16.543 | tput: No value for $TERM and no -T specified
2020-04-16 16:48:16.550 | tput: No value for $TERM and no -T specified
2020-04-16 16:48:16.551 | tput: No value for $TERM and no -T specified
2020-04-16 16:48:16.556 | tput: No value for $TERM and no -T specified
2020-04-16 16:48:16.561 | tput: No value for $TERM and no -T specified
2020-04-16 16:48:16.564 | tput: No value for $TERM and no -T specified
2020-04-16 16:48:16.571 | tput: No value for $TERM and no -T specified
2020-04-16 16:48:16.575 | tput: No value for $TERM and no -T specified
2020-04-16 16:48:16.582 | tput: No value for $TERM and no -T specified
2020-04-16 16:48:16.583 | +./stack.sh:main:627                       source /opt/stack/devstack/lib/dstat
2020-04-16 16:48:16.587 | tput: No value for $TERM and no -T specified
2020-04-16 16:48:16.588 | tput: No value for $TERM and no -T specified
2020-04-16 16:48:16.595 | tput: No value for $TERM and no -T specified
2020-04-16 16:48:16.595 | tput: No value for $TERM and no -T specified
2020-04-16 16:48:16.601 | tput: No value for $TERM and no -T specified
2020-04-16 16:48:16.606 | tput: No value for $TERM and no -T specified
2020-04-16 16:48:16.609 | tput: No value for $TERM and no -T specified
2020-04-16 16:48:16.616 | tput: No value for $TERM and no -T specified
2020-04-16 16:48:16.620 | tput: No value for $TERM and no -T specified
2020-04-16 16:48:16.625 | tput: No value for $TERM and no -T specified
2020-04-16 16:48:16.625 | +./stack.sh:main:628                       source /opt/stack/devstack/lib/tcpdump
2020-04-16 16:48:16.630 | tput: No value for $TERM and no -T specified
2020-04-16 16:48:16.630 | tput: No value for $TERM and no -T specified
2020-04-16 16:48:16.637 | tput: No value for $TERM and no -T specified
2020-04-16 16:48:16.638 | tput: No value for $TERM and no -T specified
2020-04-16 16:48:16.642 | tput: No value for $TERM and no -T specified
2020-04-16 16:48:16.651 | tput: No value for $TERM and no -T specified
2020-04-16 16:48:16.655 | tput: No value for $TERM and no -T specified
2020-04-16 16:48:16.662 | tput: No value for $TERM and no -T specified
2020-04-16 16:48:16.666 | tput: No value for $TERM and no -T specified
2020-04-16 16:48:16.673 | tput: No value for $TERM and no -T specified
2020-04-16 16:48:16.673 | +./stack.sh:main:629                       source /opt/stack/devstack/lib/etcd3
2020-04-16 16:48:16.678 | tput: No value for $TERM and no -T specified
2020-04-16 16:48:16.679 | tput: No value for $TERM and no -T specified
2020-04-16 16:48:16.686 | tput: No value for $TERM and no -T specified
2020-04-16 16:48:16.686 | tput: No value for $TERM and no -T specified
2020-04-16 16:48:16.691 | tput: No value for $TERM and no -T specified
2020-04-16 16:48:16.696 | tput: No value for $TERM and no -T specified
2020-04-16 16:48:16.699 | tput: No value for $TERM and no -T specified
2020-04-16 16:48:16.704 | tput: No value for $TERM and no -T specified
2020-04-16 16:48:16.768 | tput: No value for $TERM and no -T specified
2020-04-16 16:48:16.773 | tput: No value for $TERM and no -T specified
2020-04-16 16:48:16.774 | +./stack.sh:main:635                       run_phase source
2020-04-16 16:48:16.776 | tput: No value for $TERM and no -T specified
2020-04-16 16:48:16.780 | tput: No value for $TERM and no -T specified
2020-04-16 16:48:16.781 | +functions-common:run_phase:1758           local mode=source
2020-04-16 16:48:16.783 | tput: No value for $TERM and no -T specified
2020-04-16 16:48:16.788 | tput: No value for $TERM and no -T specified
2020-04-16 16:48:16.788 | +functions-common:run_phase:1759           local phase=
2020-04-16 16:48:16.790 | tput: No value for $TERM and no -T specified
2020-04-16 16:48:16.796 | tput: No value for $TERM and no -T specified
2020-04-16 16:48:16.796 | +functions-common:run_phase:1760           [[ -d /opt/stack/devstack/extras.d ]]
2020-04-16 16:48:16.798 | tput: No value for $TERM and no -T specified
2020-04-16 16:48:16.807 | tput: No value for $TERM and no -T specified
2020-04-16 16:48:16.807 | +functions-common:run_phase:1761           local extra_plugin_file_name
2020-04-16 16:48:16.810 | tput: No value for $TERM and no -T specified
2020-04-16 16:48:16.813 | tput: No value for $TERM and no -T specified
2020-04-16 16:48:16.813 | +functions-common:run_phase:1762           for extra_plugin_file_name in $TOP_DIR/extras.d/*.sh
2020-04-16 16:48:16.815 | tput: No value for $TERM and no -T specified
2020-04-16 16:48:16.818 | tput: No value for $TERM and no -T specified
2020-04-16 16:48:16.818 | +functions-common:run_phase:1767           local exceptions=80-tempest.sh
2020-04-16 16:48:16.819 | tput: No value for $TERM and no -T specified
2020-04-16 16:48:16.822 | tput: No value for $TERM and no -T specified
2020-04-16 16:48:16.822 | +functions-common:run_phase:1768           local extra
2020-04-16 16:48:16.825 | tput: No value for $TERM and no -T specified
2020-04-16 16:48:16.829 | tput: No value for $TERM and no -T specified
2020-04-16 16:48:16.831 | ++functions-common:run_phase:1769           basename /opt/stack/devstack/extras.d/80-tempest.sh
2020-04-16 16:48:16.832 | tput: No value for $TERM and no -T specified
2020-04-16 16:48:16.837 | tput: No value for $TERM and no -T specified
2020-04-16 16:48:16.837 | +functions-common:run_phase:1769           extra=80-tempest.sh
2020-04-16 16:48:16.838 | tput: No value for $TERM and no -T specified
2020-04-16 16:48:16.843 | tput: No value for $TERM and no -T specified
2020-04-16 16:48:16.843 | +functions-common:run_phase:1770           [[ 80-tempest.sh =~ 80-tempest\.sh ]]
2020-04-16 16:48:16.845 | tput: No value for $TERM and no -T specified
2020-04-16 16:48:16.849 | tput: No value for $TERM and no -T specified
2020-04-16 16:48:16.850 | +functions-common:run_phase:1774           [[ -r /opt/stack/devstack/extras.d/80-tempest.sh ]]
2020-04-16 16:48:16.851 | tput: No value for $TERM and no -T specified
2020-04-16 16:48:16.857 | tput: No value for $TERM and no -T specified
2020-04-16 16:48:16.857 | +functions-common:run_phase:1774           source /opt/stack/devstack/extras.d/80-tempest.sh source
2020-04-16 16:48:16.860 | tput: No value for $TERM and no -T specified
2020-04-16 16:48:16.866 | tput: No value for $TERM and no -T specified
2020-04-16 16:48:16.867 | ++extras.d/80-tempest.sh:source:3           is_service_enabled tempest
2020-04-16 16:48:16.870 | tput: No value for $TERM and no -T specified
2020-04-16 16:48:16.876 | tput: No value for $TERM and no -T specified
2020-04-16 16:48:16.881 | tput: No value for $TERM and no -T specified
2020-04-16 16:48:16.882 | tput: No value for $TERM and no -T specified
2020-04-16 16:48:16.888 | tput: No value for $TERM and no -T specified
2020-04-16 16:48:16.889 | tput: No value for $TERM and no -T specified
2020-04-16 16:48:16.893 | tput: No value for $TERM and no -T specified
2020-04-16 16:48:16.900 | tput: No value for $TERM and no -T specified
2020-04-16 16:48:16.903 | tput: No value for $TERM and no -T specified
2020-04-16 16:48:16.909 | tput: No value for $TERM and no -T specified
2020-04-16 16:48:16.912 | tput: No value for $TERM and no -T specified
2020-04-16 16:48:16.918 | tput: No value for $TERM and no -T specified
2020-04-16 16:48:16.919 | ++functions-common:is_service_enabled:1986  return 0
2020-04-16 16:48:16.922 | tput: No value for $TERM and no -T specified
2020-04-16 16:48:16.929 | tput: No value for $TERM and no -T specified
2020-04-16 16:48:16.930 | ++extras.d/80-tempest.sh:source:4           [[ source == \s\o\u\r\c\e ]]
2020-04-16 16:48:16.933 | tput: No value for $TERM and no -T specified
2020-04-16 16:48:16.940 | tput: No value for $TERM and no -T specified
